34    0000    1.4759    -103.705
34    0001    1.5535    -102.203
34    0002    1.5388    -109.428
34    0003    1.5981    -113.676
34    0004    1.5860    -113.869
34    0005    1.5470    -103.618
34    0006    1.5166    -114.952
34    0007    1.5255    -102.758
34    0008    1.5124    -107.361
34    0009    1.5350    -104.991
34    0010    1.5592    -102.989
34    0011    1.5975    -102.843
34    0012    1.6011    -100.448
34    0013    1.5042    -109.801
34    0014    1.5259    -106.883
34    0015    1.4943    -109.149
34    0016    1.5424    -101.563
34    0017    1.5940    -109.466
34    0018    1.5373    -112.565
34    0019    1.6046    -109.284
34    0020    1.5742    -107.860
34    0021    1.5028    -107.967
34    0022    1.5019    -111.306
34    0023    1.5403    -104.390
34    0024    1.5374    -106.309
34    0025    1.5510    -110.619
34    0026    1.5760    -103.705
34    0027    1.5488    -104.965
34    0028    1.5970    -107.997
34    0029    1.5876    -112.018
34    0030    1.4770    -107.202
34    0031    1.6015    -110.592
34    0032    1.4753    -107.268
34    0033    1.4737    -104.509
34    0034    1.5570    -114.847
34    0035    1.5962    -106.935
34    0036    1.5285    -108.585
34    0037    1.5833    -106.718
34    0038    1.4996    -101.120
34    0039    1.5570    -111.887
34    0040    1.5839    -115.071
34    0041    1.5342    -108.622
34    0042    1.5155    -100.975
34    0043    1.5919    -109.683
34    0044    1.5743    -102.881
34    0045    1.4869    -104.252
34    0046    1.5324    -102.333
34    0047    1.5119    -112.574
34    0048    1.4942    -105.383
34    0049    1.5914    -108.278
69    0000    1.4848    -110.157
69    0001    1.5927    -106.988
69    0002    1.4769    -103.515
69    0003    1.4877    -100.389
69    0004    1.4997    -114.477
69    0005    1.5430    -103.807
69    0006    1.5876    -101.116
69    0007    1.4809    -111.484
69    0008    1.5527    -110.536
69    0009    1.5853    -110.112
69    0010    1.4998    -102.628
69    0011    1.4916    -102.223
69    0012    1.5957    -100.410
69    0013    1.5508    -100.391
69    0014    1.5779    -103.653
69    0015    1.5899    -115.181
69    0016    1.5633    -109.355
69    0017    1.4928    -114.595
69    0018    1.5612    -114.732
69    0019    1.5165    -104.086
69    0020    1.5050    -101.051
69    0021    1.5416    -112.432
69    0022    1.4773    -108.434
69    0023    1.5242    -105.889
69    0024    1.4952    -105.758
69    0025    1.5768    -101.815
69    0026    1.4875    -101.300
69    0027    1.4994    -110.341
69    0028    1.5152    -107.910
69    0029    1.4860    -108.612
69    0030    1.5927    -103.406
69    0031    1.5776    -106.718
69    0032    1.5287    -105.415
69    0033    1.5955    -104.994
69    0034    1.6018    -100.488
69    0035    1.5584    -107.005
69    0036    1.5103    -108.630
69    0037    1.5296    -107.175
69    0038    1.4800    -108.452
69    0039    1.4944    -103.178
69    0040    1.5043    -110.601
69    0041    1.5435    -113.874
69    0042    1.4857    -115.058
69    0043    1.5169    -107.288
69    0044    1.5757    -102.438
69    0045    1.5510    -108.517
69    0046    1.5863    -102.068
69    0047    1.6022    -110.257
69    0048    1.4833    -110.343
69    0049    1.5467    -105.678
103    0000    1.5617    -107.431
103    0001    1.5398    -105.565
103    0002    1.5525    -101.619
103    0003    1.5101    -110.584
103    0004    1.5038    -113.308
103    0005    1.5142    -111.850
103    0006    1.4920    -107.659
103    0007    1.5227    -114.628
103    0008    1.4880    -101.246
103    0009    1.5027    -107.798
103    0010    1.5684    -114.033
103    0011    1.5589    -113.232
103    0012    1.5913    -111.800
103    0013    1.5245    -109.050
103    0014    1.5197    -108.903
103    0015    1.4750    -109.951
103    0016    1.5842    -102.668
103    0017    1.5500    -104.991
103    0018    1.5542    -110.206
103    0019    1.4905    -112.093
103    0020    1.4907    -111.497
103    0021    1.4988    -110.799
103    0022    1.5193    -102.216
103    0023    1.4788    -107.865
103    0024    1.5458    -102.909
103    0025    1.5812    -103.071
103    0026    1.5725    -105.682
103    0027    1.5514    -109.852
103    0028    1.5727    -100.649
103    0029    1.5619    -100.788
103    0030    1.4835    -111.065
103    0031    1.5506    -109.343
103    0032    1.5535    -104.466
103    0033    1.5540    -104.850
103    0034    1.5903    -102.051
103    0035    1.5379    -101.112
103    0036    1.5463    -103.596
103    0037    1.5385    -102.177
103    0038    1.5970    -112.986
103    0039    1.5150    -110.769
103    0040    1.5148    -112.983
103    0041    1.5501    -109.370
103    0042    1.4923    -114.275
103    0043    1.5790    -106.999
103    0044    1.5389    -108.197
103    0045    1.5583    -113.391
103    0046    1.5819    -112.799
103    0047    1.4792    -112.468
103    0048    1.5271    -111.179
103    0049    1.5130    -102.929
138    0000    1.5369    -107.243
138    0001    1.5246    -105.283
138    0002    1.5381    -106.399
138    0003    1.4745    -104.306
138    0004    1.5698    -114.138
138    0005    1.5100    -106.999
138    0006    1.5982    -107.047
138    0007    1.5088    -112.644
138    0008    1.5810    -101.816
138    0009    1.5973    -111.342
138    0010    1.5156    -115.052
138    0011    1.5685    -102.761
138    0012    1.6026    -109.246
138    0013    1.5533    -109.051
138    0014    1.5197    -112.873
138    0015    1.5530    -107.025
138    0016    1.4948    -107.510
138    0017    1.5084    -104.962
138    0018    1.5995    -110.765
138    0019    1.4969    -111.575
138    0020    1.5096    -109.858
138    0021    1.5944    -105.948
138    0022    1.5438    -106.846
138    0023    1.5517    -102.675
138    0024    1.5018    -107.905
138    0025    1.5616    -102.053
138    0026    1.5600    -114.316
138    0027    1.5006    -103.153
138    0028    1.5451    -114.619
138    0029    1.4994    -110.802
138    0030    1.5449    -109.911
138    0031    1.5153    -104.575
138    0032    1.5138    -113.334
138    0033    1.4824    -105.565
138    0034    1.5677    -103.925
138    0035    1.5620    -109.115
138    0036    1.5026    -101.631
138    0037    1.5771    -106.047
138    0038    1.5826    -101.846
138    0039    1.5093    -111.942
138    0040    1.5582    -106.511
138    0041    1.5702    -112.050
138    0042    1.5190    -115.088
138    0043    1.5258    -111.285
138    0044    1.5400    -102.551
138    0045    1.5571    -111.226
138    0046    1.5627    -107.953
138    0047    1.5588    -101.010
138    0048    1.4892    -106.892
138    0049    1.5154    -114.504
172    0000    1.5894    -112.579
172    0001    1.5713    -109.321
172    0002    1.5441    -100.727
172    0003    1.5457    -111.872
172    0004    1.5486    -102.227
172    0005    1.4988    -100.354
172    0006    1.4815    -104.371
172    0007    1.4822    -103.677
172    0008    1.5792    -104.409
172    0009    1.5348    -112.898
172    0010    1.5991    -110.839
172    0011    1.4794    -100.578
172    0012    1.5905    -108.604
172    0013    1.5783    -105.350
172    0014    1.5351    -105.277
172    0015    1.5361    -111.438
172    0016    1.4922    -113.575
172    0017    1.5141    -115.200
172    0018    1.4994    -100.317
172    0019    1.4968    -110.966
172    0020    1.5504    -114.023
172    0021    1.6019    -115.248
172    0022    1.5552    -111.921
172    0023    1.5432    -109.237
172    0024    1.5720    -100.605
172    0025    1.5624    -103.995
172    0026    1.5045    -103.370
172    0027    1.5442    -105.869
172    0028    1.5576    -104.877
172    0029    1.5628    -112.005
172    0030    1.5873    -103.474
172    0031    1.5228    -105.647
172    0032    1.5321    -107.916
172    0033    1.4858    -102.919
172    0034    1.4776    -112.714
172    0035    1.4837    -108.235
172    0036    1.5562    -108.989
172    0037    1.5059    -108.171
172    0038    1.5173    -109.234
172    0039    1.4752    -105.069
172    0040    1.5358    -104.171
172    0041    1.5374    -102.556
172    0042    1.5351    -101.711
172    0043    1.5601    -113.071
172    0044    1.5696    -112.898
172    0045    1.5511    -104.391
172    0046    1.5128    -101.470
172    0047    1.5104    -108.099
172    0048    1.5077    -106.318
172    0049    1.5700    -101.690
206    0000    1.4926    -115.083
206    0001    1.5360    -115.235
206    0002    1.5006    -106.912
206    0003    1.4730    -112.828
206    0004    1.5724    -114.049
206    0005    1.5104    -107.036
206    0006    1.5420    -105.119
206    0007    1.5255    -114.926
206    0008    1.4937    -101.351
206    0009    1.5918    -104.494
206    0010    1.5070    -104.862
206    0011    1.4858    -104.096
206    0012    1.5383    -101.269
206    0013    1.5342    -101.043
206    0014    1.5557    -101.227
206    0015    1.5280    -114.484
206    0016    1.5777    -106.656
206    0017    1.5154    -114.186
206    0018    1.5399    -113.024
206    0019    1.5405    -107.134
206    0020    1.5187    -104.235
206    0021    1.4902    -104.762
206    0022    1.5189    -108.001
206    0023    1.4934    -101.271
206    0024    1.5611    -114.018
206    0025    1.4885    -114.464
206    0026    1.4769    -104.674
206    0027    1.5456    -108.310
206    0028    1.6037    -110.524
206    0029    1.6019    -113.758
206    0030    1.6001    -113.723
206    0031    1.4854    -112.280
206    0032    1.5761    -103.695
206    0033    1.5972    -111.464
206    0034    1.5990    -108.533
206    0035    1.4814    -105.877
206    0036    1.5758    -107.800
206    0037    1.5477    -112.843
206    0038    1.4971    -105.563
206    0039    1.5859    -102.831
206    0040    1.5226    -107.457
206    0041    1.5460    -105.909
206    0042    1.5616    -112.487
206    0043    1.5007    -102.724
206    0044    1.5070    -110.461
206    0045    1.5016    -101.674
206    0046    1.5220    -106.374
206    0047    1.5629    -105.636
206    0048    1.5022    -106.659
206    0049    1.5207    -110.382
241    0000    1.5460    -111.529
241    0001    1.5937    -101.443
241    0002    1.5622    -105.511
241    0003    1.4950    -108.214
241    0004    1.5518    -114.672
241    0005    1.5839    -110.987
241    0006    1.5670    -112.549
241    0007    1.4774    -110.562
241    0008    1.5024    -113.227
241    0009    1.5182    -102.571
241    0010    1.5502    -111.758
241    0011    1.5549    -112.295
241    0012    1.5162    -110.236
241    0013    1.6009    -110.248
241    0014    1.5036    -114.194
241    0015    1.4984    -103.718
241    0016    1.4811    -103.371
241    0017    1.5178    -101.196
241    0018    1.6002    -100.899
241    0019    1.5119    -104.976
241    0020    1.5176    -107.548
241    0021    1.5176    -111.842
241    0022    1.5691    -102.635
241    0023    1.5240    -107.865
241    0024    1.5574    -107.354
241    0025    1.5387    -104.361
241    0026    1.5241    -113.939
241    0027    1.5856    -109.610
241    0028    1.5583    -107.702
241    0029    1.5607    -107.822
241    0030    1.5653    -104.038
241    0031    1.5838    -113.741
241    0032    1.5873    -114.419
241    0033    1.5584    -101.013
241    0034    1.5073    -108.240
241    0035    1.4754    -106.513
241    0036    1.5440    -102.160
241    0037    1.5988    -113.548
241    0038    1.5554    -114.964
241    0039    1.5589    -115.039
241    0040    1.5346    -114.103
241    0041    1.5728    -111.734
241    0042    1.5293    -103.248
241    0043    1.5785    -104.116
241    0044    1.5716    -114.244
241    0045    1.4932    -112.876
241    0046    1.4857    -102.546
241    0047    1.5402    -111.173
241    0048    1.4806    -114.200
241    0049    1.4972    -103.019
275    0000    1.5394    -112.535
275    0001    1.5652    -112.350
275    0002    1.5107    -106.468
275    0003    1.5955    -100.835
275    0004    1.5162    -105.722
275    0005    1.5580    -106.121
275    0006    1.5447    -102.299
275    0007    1.5962    -100.702
275    0008    1.5447    -114.168
275    0009    1.5445    -106.687
275    0010    1.4905    -114.970
275    0011    1.4881    -106.838
275    0012    1.5143    -103.400
275    0013    1.5798    -100.984
275    0014    1.5098    -107.663
275    0015    1.4724    -107.988
275    0016    1.5061    -105.225
275    0017    1.5073    -112.727
275    0018    1.5815    -105.961
275    0019    1.5359    -107.067
275    0020    1.4888    -104.697
275    0021    1.5705    -111.206
275    0022    1.5731    -107.231
275    0023    1.5581    -109.196
275    0024    1.5735    -100.439
275    0025    1.5413    -110.859
275    0026    1.5680    -112.526
275    0027    1.4968    -107.045
275    0028    1.5997    -104.149
275    0029    1.5793    -113.610
275    0030    1.5526    -101.420
275    0031    1.5245    -113.300
275    0032    1.5423    -104.209
275    0033    1.5689    -104.657
275    0034    1.5823    -115.031
275    0035    1.5119    -104.381
275    0036    1.5591    -113.863
275    0037    1.5379    -110.865
275    0038    1.5624    -112.457
275    0039    1.5801    -104.100
275    0040    1.5443    -103.149
275    0041    1.5353    -110.692
275    0042    1.5821    -114.684
275    0043    1.5278    -112.099
275    0044    1.5385    -100.520
275    0045    1.5546    -113.769
275    0046    1.5453    -104.695
275    0047    1.5539    -115.015
275    0048    1.4980    -108.391
275    0049    1.4952    -109.757
310    0000    1.5194    -113.466
310    0001    1.5317    -102.826
310    0002    1.5171    -105.959
310    0003    1.4848    -104.969
310    0004    1.4782    -100.297
310    0005    1.5404    -111.628
310    0006    1.5526    -101.910
310    0007    1.4775    -103.066
310    0008    1.5976    -104.486
310    0009    1.5236    -114.525
310    0010    1.4765    -114.134
310    0011    1.5393    -100.557
310    0012    1.5349    -114.824
310    0013    1.5712    -113.002
310    0014    1.5509    -109.503
310    0015    1.5350    -106.904
310    0016    1.5742    -114.226
310    0017    1.5316    -108.903
310    0018    1.4911    -111.944
310    0019    1.4870    -102.222
310    0020    1.4766    -107.480
310    0021    1.4807    -108.689
310    0022    1.4832    -112.964
310    0023    1.5198    -103.132
310    0024    1.6044    -104.869
310    0025    1.5194    -111.445
310    0026    1.4847    -110.556
310    0027    1.5467    -106.867
310    0028    1.5482    -111.271
310    0029    1.5863    -108.597
310    0030    1.5773    -104.057
310    0031    1.5781    -114.824
310    0032    1.5448    -103.803
310    0033    1.5113    -102.958
310    0034    1.5793    -103.378
310    0035    1.5736    -107.895
310    0036    1.5480    -101.271
310    0037    1.5643    -113.271
310    0038    1.5371    -107.018
310    0039    1.5040    -108.551
310    0040    1.5882    -115.262
310    0041    1.4864    -112.144
310    0042    1.4925    -111.731
310    0043    1.5475    -112.367
310    0044    1.5901    -108.824
310    0045    1.5950    -112.776
310    0046    1.5506    -100.939
310    0047    1.5284    -113.484
310    0048    1.5685    -107.072
310    0049    1.4736    -110.714
344    0000    1.4882    -114.280
344    0001    1.5741    -110.803
344    0002    1.5834    -105.156
344    0003    1.5864    -114.030
344    0004    1.5306    -111.397
344    0005    1.4794    -107.338
344    0006    1.5666    -114.654
344    0007    1.5422    -104.431
344    0008    1.5160    -103.076
344    0009    1.4976    -104.700
344    0010    1.5298    -113.147
344    0011    1.4803    -111.387
344    0012    1.5862    -111.287
344    0013    1.5623    -104.863
344    0014    1.4877    -105.942
344    0015    1.4976    -109.225
344    0016    1.5991    -101.874
344    0017    1.5863    -113.817
344    0018    1.5297    -110.277
344    0019    1.4807    -105.482
344    0020    1.5181    -112.920
344    0021    1.5428    -100.872
344    0022    1.5701    -101.926
344    0023    1.5574    -113.488
344    0024    1.4932    -106.479
344    0025    1.5066    -108.591
344    0026    1.5761    -112.565
344    0027    1.5255    -112.189
344    0028    1.4885    -112.552
344    0029    1.5719    -100.334
344    0030    1.4888    -113.291
344    0031    1.5057    -109.372
344    0032    1.5210    -109.529
344    0033    1.5036    -100.513
344    0034    1.5393    -106.165
344    0035    1.5572    -112.887
344    0036    1.5041    -107.068
344    0037    1.5928    -100.817
344    0038    1.4983    -103.243
344    0039    1.5254    -114.124
344    0040    1.4783    -103.474
344    0041    1.5284    -106.903
344    0042    1.4971    -114.029
344    0043    1.5899    -100.691
344    0044    1.4880    -104.318
344    0045    1.5246    -111.447
344    0046    1.5570    -108.288
344    0047    1.5432    -101.983
344    0048    1.5643    -102.390
344    0049    1.5242    -111.084
378    0000    1.4793    -107.748
378    0001    1.5603    -109.594
378    0002    1.5684    -114.399
378    0003    1.5902    -109.683
378    0004    1.5764    -106.224
378    0005    1.5858    -102.275
378    0006    1.5729    -107.796
378    0007    1.5373    -103.817
378    0008    1.5313    -113.540
378    0009    1.5812    -108.031
378    0010    1.5871    -107.964
378    0011    1.5931    -113.488
378    0012    1.5601    -107.722
378    0013    1.4978    -102.440
378    0014    1.5259    -112.289
378    0015    1.5249    -100.978
378    0016    1.5558    -109.677
378    0017    1.5350    -100.465
378    0018    1.5427    -113.636
378    0019    1.4860    -102.152
378    0020    1.5538    -105.067
378    0021    1.5224    -102.314
378    0022    1.5404    -102.783
378    0023    1.5259    -105.700
378    0024    1.5308    -113.578
378    0025    1.5901    -112.221
378    0026    1.5986    -105.185
378    0027    1.5459    -101.640
378    0028    1.5515    -112.615
378    0029    1.5936    -101.123
378    0030    1.5834    -114.891
378    0031    1.5429    -108.374
378    0032    1.5482    -100.295
378    0033    1.4946    -111.422
378    0034    1.5975    -112.645
378    0035    1.5221    -103.009
378    0036    1.5329    -111.788
378    0037    1.5667    -113.504
378    0038    1.4902    -111.596
378    0039    1.5135    -111.606
378    0040    1.5120    -103.441
378    0041    1.4807    -103.551
378    0042    1.5804    -103.010
378    0043    1.5431    -105.337
378    0044    1.4938    -110.212
378    0045    1.4864    -102.035
378    0046    1.5913    -111.058
378    0047    1.5691    -105.492
378    0048    1.5075    -102.066
378    0049    1.5661    -114.979
413    0000    1.5601    -115.076
413    0001    1.5678    -106.321
413    0002    1.5761    -105.099
413    0003    1.5364    -113.255
413    0004    1.5069    -112.424
413    0005    1.4791    -102.852
413    0006    1.5311    -101.795
413    0007    1.5238    -103.039
413    0008    1.5781    -108.780
413    0009    1.5228    -102.887
413    0010    1.4969    -109.822
413    0011    1.4845    -107.129
413    0012    1.4742    -112.612
413    0013    1.5189    -111.788
413    0014    1.5281    -113.348
413    0015    1.5422    -107.040
413    0016    1.5945    -101.156
413    0017    1.4922    -103.405
413    0018    1.5419    -114.323
413    0019    1.5369    -100.503
413    0020    1.4821    -104.040
413    0021    1.5775    -109.552
413    0022    1.5323    -110.594
413    0023    1.5788    -112.502
413    0024    1.4919    -105.608
413    0025    1.4871    -103.769
413    0026    1.5280    -111.518
413    0027    1.4733    -109.584
413    0028    1.5977    -107.696
413    0029    1.5669    -101.498
413    0030    1.5922    -110.693
413    0031    1.4798    -105.805
413    0032    1.5415    -113.715
413    0033    1.5695    -103.995
413    0034    1.5854    -107.240
413    0035    1.5424    -101.401
413    0036    1.5720    -109.094
413    0037    1.6020    -100.427
413    0038    1.5376    -102.706
413    0039    1.5034    -101.979
413    0040    1.5415    -113.125
413    0041    1.4749    -114.697
413    0042    1.5909    -109.202
413    0043    1.5880    -108.382
413    0044    1.4882    -110.995
413    0045    1.5902    -108.848
413    0046    1.5256    -101.941
413    0047    1.4984    -113.951
413    0048    1.5698    -113.999
413    0049    1.5607    -101.096
447    0000    1.6027    -109.089
447    0001    1.5031    -110.461
447    0002    1.5465    -110.262
447    0003    1.5068    -110.175
447    0004    1.5056    -115.045
447    0005    1.5602    -110.982
447    0006    1.4857    -102.868
447    0007    1.4803    -106.903
447    0008    1.5213    -108.509
447    0009    1.5191    -107.953
447    0010    1.5455    -114.362
447    0011    1.5044    -110.765
447    0012    1.5990    -107.143
447    0013    1.5368    -113.750
447    0014    1.5506    -113.869
447    0015    1.4858    -103.996
447    0016    1.5978    -102.240
447    0017    1.4982    -112.246
447    0018    1.5148    -113.811
447    0019    1.5635    -112.297
447    0020    1.5638    -109.468
447    0021    1.5355    -102.196
447    0022    1.6026    -103.356
447    0023    1.5781    -106.213
447    0024    1.5988    -105.645
447    0025    1.5446    -102.445
447    0026    1.5559    -108.485
447    0027    1.5872    -106.944
447    0028    1.5980    -102.437
447    0029    1.6011    -107.899
447    0030    1.5016    -100.890
447    0031    1.5176    -101.552
447    0032    1.5385    -104.135
447    0033    1.5992    -106.973
447    0034    1.4988    -113.972
447    0035    1.5947    -104.368
447    0036    1.4771    -106.846
447    0037    1.5002    -107.396
447    0038    1.5564    -106.371
447    0039    1.5475    -106.138
447    0040    1.5709    -111.420
447    0041    1.5710    -108.986
447    0042    1.5766    -114.346
447    0043    1.5182    -107.165
447    0044    1.5719    -107.084
447    0045    1.5033    -106.454
447    0046    1.5390    -103.097
447    0047    1.4944    -101.721
447    0048    1.5634    -112.159
447    0049    1.6023    -106.643
482    0000    1.4970    -111.534
482    0001    1.4928    -114.806
482    0002    1.4842    -104.075
482    0003    1.5879    -103.117
482    0004    1.5326    -113.078
482    0005    1.5660    -108.426
482    0006    1.5616    -103.881
482    0007    1.5297    -111.010
482    0008    1.5548    -109.200
482    0009    1.4847    -111.998
482    0010    1.5176    -110.464
482    0011    1.5419    -100.595
482    0012    1.4985    -113.966
482    0013    1.4798    -104.401
482    0014    1.5216    -114.675
482    0015    1.5797    -105.415
482    0016    1.5022    -112.388
482    0017    1.5132    -114.632
482    0018    1.6042    -105.400
482    0019    1.4873    -106.491
482    0020    1.5931    -103.553
482    0021    1.5946    -111.842
482    0022    1.5091    -107.505
482    0023    1.5271    -109.719
482    0024    1.5358    -106.163
482    0025    1.5515    -109.975
482    0026    1.6020    -112.337
482    0027    1.5696    -102.493
482    0028    1.5614    -103.709
482    0029    1.5314    -100.573
482    0030    1.5273    -112.926
482    0031    1.5080    -102.051
482    0032    1.4892    -100.928
482    0033    1.5452    -102.464
482    0034    1.5499    -113.687
482    0035    1.4917    -104.963
482    0036    1.5558    -109.629
482    0037    1.5634    -103.254
482    0038    1.4769    -109.036
482    0039    1.5498    -108.971
482    0040    1.4817    -103.827
482    0041    1.5455    -103.383
482    0042    1.5154    -105.420
482    0043    1.5035    -103.320
482    0044    1.5438    -102.047
482    0045    1.5502    -110.272
482    0046    1.5782    -100.353
482    0047    1.5553    -103.284
482    0048    1.5469    -114.476
482    0049    1.5957    -114.097
