54  183  0000  0.8365  0.7007  6.897  15.649  -0.35934  -0.28616  1  62
54  228  0001  0.7167  0.7007  14.240  15.649  -0.35934  -0.28616  0  62
54  190  0002  0.7145  0.6969  10.011  15.241  -0.35934  -0.28016  0  62
54  189  0003  0.7906  0.7007  15.244  15.649  -0.35934  -0.28616  0  62
54  217  0004  0.6960  0.7007  18.450  15.649  -0.35934  -0.28616  1  62
54  184  0005  0.8396  0.7007  15.783  15.649  -0.35934  -0.28616  1  62
54  183  0006  0.8218  0.7007  5.030  15.649  -0.35934  -0.28616  0  62
54  230  0007  0.7212  0.7007  16.455  15.649  -0.35934  -0.28616  0  62
54  182  0008  0.7147  0.7007  4.930  15.649  -0.35934  -0.28616  1  62
54  183  0009  0.8384  0.7007  16.287  15.649  -0.35934  -0.28616  1  62
54  181  0010  0.7791  0.7007  9.971  15.649  -0.35934  -0.28616  1  62
54  219  0011  0.7124  0.6969  12.769  15.241  -0.35934  -0.28016  0  62
54  214  0012  0.7435  0.7007  16.908  15.649  -0.35934  -0.28616  1  62
54  199  0013  0.7200  0.6969  11.105  15.241  -0.35934  -0.28016  1  62
54  182  0014  0.8011  0.7007  12.721  15.649  -0.35934  -0.28616  0  62
54  183  0015  0.7900  0.7007  5.119  15.649  -0.35934  -0.28616  1  62
54  184  0016  0.7778  0.7007  11.138  15.649  -0.35934  -0.28616  1  62
54  183  0017  0.7783  0.7007  6.564  15.649  -0.35934  -0.28616  1  62
54  208  0018  0.7187  0.7046  19.123  16.052  -0.35934  -0.29216  0  62
54  185  0019  0.7708  0.7007  10.568  15.649  -0.35934  -0.28616  1  62
54  181  0020  0.6917  0.7007  6.678  15.649  -0.35934  -0.28616  1  61
54  190  0021  0.7880  0.7007  14.401  15.649  -0.35934  -0.28616  1  62
54  183  0022  0.7822  0.7007  11.127  15.649  -0.35934  -0.28616  1  62
54  196  0023  0.7793  0.7007  15.315  15.649  -0.35934  -0.28616  1  62
54  182  0024  0.8277  0.7007  15.439  15.649  -0.35934  -0.28616  0  62
54  224  0025  0.7104  0.6969  13.356  15.241  -0.35934  -0.28016  0  62
54  191  0026  0.6977  0.6969  9.850  15.241  -0.35934  -0.28016  1  62
54  183  0027  0.7640  0.7007  9.288  15.649  -0.35934  -0.28616  1  62
54  183  0028  0.8277  0.7007  18.661  15.649  -0.35934  -0.28616  1  62
54  224  0029  0.7336  0.7007  14.417  15.649  -0.35934  -0.28616  1  62
54  225  0030  0.7059  0.7007  17.618  15.649  -0.35934  -0.28616  0  62
54  188  0031  0.7963  0.7007  15.217  15.649  -0.35934  -0.28616  0  62
54  183  0032  0.7999  0.7007  11.773  15.649  -0.35934  -0.28616  1  62
54  217  0033  0.7285  0.6969  13.252  15.241  -0.35934  -0.28016  0  62
54  183  0034  0.7583  0.7007  8.204  15.649  -0.35934  -0.28616  1  62
54  201  0035  0.7613  0.7007  17.353  15.649  -0.35934  -0.28616  1  62
54  204  0036  0.6940  0.6969  11.428  15.241  -0.35934  -0.28016  1  62
54  181  0037  0.7235  0.7007  5.599  15.649  -0.35934  -0.28616  1  62
54  190  0038  0.7911  0.7007  15.850  15.649  -0.35934  -0.28616  1  62
54  191  0039  0.7760  0.7007  17.836  15.649  -0.35934  -0.28616  1  62
54  182  0040  0.7257  0.7007  4.604  15.649  -0.35934  -0.28616  0  62
54  183  0041  0.7473  0.7007  8.405  15.649  -0.35934  -0.28616  1  62
54  183  0042  0.7716  0.7007  6.706  15.649  -0.35934  -0.28616  1  62
54  183  0043  0.8026  0.7007  7.073  15.649  -0.35934  -0.28616  1  62
54  183  0044  0.8033  0.7007  9.459  15.649  -0.35934  -0.28616  1  62
54  187  0045  0.7407  0.7007  9.873  15.649  -0.35934  -0.28616  1  62
54  183  0046  0.7659  0.7007  5.551  15.649  -0.35934  -0.28616  1  62
54  198  0047  0.7144  0.6969  10.875  15.241  -0.35934  -0.28016  0  62
54  183  0048  0.8323  0.7007  11.588  15.649  -0.35934  -0.28616  1  62
54  184  0049  0.8056  0.7007  6.137  15.649  -0.35934  -0.28616  1  62
109  181  0000  0.8114  0.7007  10.810  15.649  -0.35934  -0.28616  0  62
109  224  0001  0.7572  0.7093  13.372  15.330  -0.36534  -0.28616  0  62
109  258  0002  0.6944  0.6931  12.744  14.829  -0.35934  -0.27416  0  62
109  185  0003  0.8076  0.7007  8.091  15.649  -0.35934  -0.28616  1  62
109  183  0004  0.7707  0.7007  4.893  15.649  -0.35934  -0.28616  1  62
109  186  0005  0.7249  0.6969  8.822  15.241  -0.35934  -0.28016  1  62
109  194  0006  0.7781  0.7046  18.343  16.052  -0.35934  -0.29216  1  62
109  230  0007  0.7128  0.7017  11.538  14.517  -0.36534  -0.27416  0  62
109  181  0008  0.8301  0.7007  11.089  15.649  -0.35934  -0.28616  1  62
109  183  0009  0.7978  0.7007  7.999  15.649  -0.35934  -0.28616  0  62
109  285  0010  0.6969  0.6969  14.755  15.241  -0.35934  -0.28016  0  62
109  200  0011  0.7465  0.6969  10.746  15.241  -0.35934  -0.28016  0  62
109  232  0012  0.7203  0.7017  11.779  14.517  -0.36534  -0.27416  0  62
109  182  0013  0.8357  0.7007  9.966  15.649  -0.35934  -0.28616  1  62
109  256  0014  0.7430  0.7132  15.746  15.730  -0.36534  -0.29216  0  62
109  184  0015  0.8224  0.7007  17.573  15.649  -0.35934  -0.28616  1  62
109  183  0016  0.7703  0.7007  7.528  15.649  -0.35934  -0.28616  1  62
109  211  0017  0.7711  0.7046  17.067  16.052  -0.35934  -0.29216  0  62
109  183  0018  0.6962  0.6969  8.219  15.241  -0.35934  -0.28016  1  62
109  221  0019  0.7306  0.7055  11.519  14.926  -0.36534  -0.28016  0  62
109  184  0020  0.8189  0.7007  7.078  15.649  -0.35934  -0.28616  1  62
109  181  0021  0.7303  0.7007  6.816  15.649  -0.35934  -0.28616  1  62
109  182  0022  0.7567  0.7007  5.196  15.649  -0.35934  -0.28616  1  62
109  272  0023  0.7148  0.7046  17.314  16.052  -0.35934  -0.29216  0  62
109  182  0024  0.8221  0.7007  8.982  15.649  -0.35934  -0.28616  1  62
109  183  0025  0.8349  0.7007  18.452  15.649  -0.35934  -0.28616  1  62
109  196  0026  0.7913  0.7007  15.694  15.649  -0.35934  -0.28616  1  62
109  182  0027  0.8291  0.7007  19.020  15.649  -0.35934  -0.28616  1  62
109  185  0028  0.8066  0.7007  13.144  15.649  -0.35934  -0.28616  1  62
109  184  0029  0.8277  0.7007  6.466  15.649  -0.35934  -0.28616  1  62
109  222  0030  0.7458  0.7085  18.741  16.451  -0.35934  -0.29816  0  62
109  271  0031  0.7277  0.7007  14.576  15.649  -0.35934  -0.28616  0  62
109  272  0032  0.6956  0.6969  13.598  15.241  -0.35934  -0.28016  0  62
109  184  0033  0.7856  0.7007  10.405  15.649  -0.35934  -0.28616  0  62
109  185  0034  0.8385  0.7007  13.741  15.649  -0.35934  -0.28616  1  62
109  185  0035  0.7803  0.7007  10.473  15.649  -0.35934  -0.28616  0  62
109  263  0036  0.7250  0.7055  13.675  14.926  -0.36534  -0.28016  0  62
109  200  0037  0.7408  0.6969  10.556  15.241  -0.35934  -0.28016  0  62
109  211  0038  0.7569  0.7046  18.647  16.052  -0.35934  -0.29216  1  62
109  190  0039  0.7820  0.7007  18.856  15.649  -0.35934  -0.28616  1  62
109  183  0040  0.7722  0.7007  6.417  15.649  -0.35934  -0.28616  1  62
109  195  0041  0.7827  0.7007  13.651  15.649  -0.35934  -0.28616  0  62
109  241  0042  0.7235  0.7055  12.325  14.926  -0.36534  -0.28016  0  62
109  194  0043  0.7824  0.7007  13.029  15.649  -0.35934  -0.28616  0  62
109  182  0044  0.7892  0.7007  7.951  15.649  -0.35934  -0.28616  1  62
109  181  0045  0.7093  0.7007  5.916  15.649  -0.35934  -0.28616  1  62
109  183  0046  0.8173  0.7007  6.005  15.649  -0.35934  -0.28616  1  62
109  186  0047  0.8193  0.7007  16.458  15.649  -0.35934  -0.28616  1  62
109  183  0048  0.8271  0.7007  10.213  15.649  -0.35934  -0.28616  1  62
109  185  0049  0.8021  0.7007  6.529  15.649  -0.35934  -0.28616  1  62
163  211  0000  0.7759  0.7654  8.146  7.621  -0.43134  -0.21416  0  62
163  224  0001  0.7666  0.7624  5.824  5.780  -0.43734  -0.19016  0  62
163  202  0002  0.7260  0.6969  9.717  15.241  -0.35934  -0.28016  1  62
163  241  0003  0.7244  0.7017  11.079  14.517  -0.36534  -0.27416  0  62
163  327  0004  0.7224  0.7093  15.083  15.330  -0.36534  -0.28616  0  62
163  213  0005  0.7693  0.7055  12.456  14.926  -0.36534  -0.28016  1  62
163  187  0006  0.8390  0.7007  14.519  15.649  -0.35934  -0.28616  1  62
163  298  0007  0.7203  0.7085  18.191  16.451  -0.35934  -0.29816  0  62
163  208  0008  0.7856  0.7132  15.012  15.730  -0.36534  -0.29216  0  62
163  274  0009  0.7049  0.6999  19.311  16.784  -0.35334  -0.29816  0  62
163  267  0010  0.7251  0.7017  11.945  14.517  -0.36534  -0.27416  0  62
163  218  0011  0.7139  0.7017  10.130  14.517  -0.36534  -0.27416  0  62
163  187  0012  0.8072  0.7007  13.580  15.649  -0.35934  -0.28616  1  62
163  281  0013  0.7101  0.7017  12.025  14.517  -0.36534  -0.27416  0  62
163  245  0014  0.7684  0.7171  16.196  16.126  -0.36534  -0.29816  0  62
163  183  0015  0.8204  0.7007  11.188  15.649  -0.35934  -0.28616  1  62
163  213  0016  0.7614  0.7563  8.290  7.826  -0.42534  -0.21416  0  62
163  312  0017  0.7335  0.7093  14.672  15.330  -0.36534  -0.28616  0  62
163  248  0018  0.7494  0.7055  12.521  14.926  -0.36534  -0.28016  1  62
163  205  0019  0.7895  0.7714  7.222  7.016  -0.43734  -0.20816  0  62
163  265  0020  0.7029  0.6980  11.496  14.104  -0.36534  -0.26816  0  62
163  232  0021  0.7738  0.7171  16.352  16.126  -0.36534  -0.29816  0  62
163  186  0022  0.8249  0.7007  16.612  15.649  -0.35934  -0.28616  1  62
163  198  0023  0.7941  0.7714  7.305  7.016  -0.43734  -0.20816  0  62
163  213  0024  0.7567  0.7055  11.396  14.926  -0.36534  -0.28016  0  62
163  318  0025  0.7257  0.7046  16.743  16.052  -0.35934  -0.29216  0  62
163  185  0026  0.8236  0.7007  17.558  15.649  -0.35934  -0.28616  1  62
163  208  0027  0.7842  0.7171  16.755  16.126  -0.36534  -0.29816  1  62
163  186  0028  0.8311  0.7007  14.044  15.649  -0.35934  -0.28616  1  62
163  184  0029  0.8065  0.7007  12.773  15.649  -0.35934  -0.28616  1  62
163  241  0030  0.7107  0.7017  10.796  14.517  -0.36534  -0.27416  0  62
163  184  0031  0.8321  0.7007  6.325  15.649  -0.35934  -0.28616  1  62
163  186  0032  0.6928  0.6969  8.283  15.241  -0.35934  -0.28016  1  62
163  307  0033  0.7389  0.7132  15.396  15.730  -0.36534  -0.29216  0  62
163  189  0034  0.8072  0.7007  15.373  15.649  -0.35934  -0.28616  1  62
163  187  0035  0.8155  0.7007  16.271  15.649  -0.35934  -0.28616  1  62
163  291  0036  0.7254  0.7124  18.271  16.846  -0.35934  -0.30416  0  62
163  184  0037  0.8286  0.7007  4.415  15.649  -0.35934  -0.28616  0  62
163  238  0038  0.7569  0.7411  19.128  18.412  -0.36534  -0.33416  1  62
163  223  0039  0.7574  0.7592  7.416  6.799  -0.43134  -0.20216  0  62
163  212  0040  0.7798  0.7714  7.549  7.016  -0.43734  -0.20816  0  62
163  197  0041  0.6938  0.6931  9.190  14.829  -0.35934  -0.27416  1  62
163  227  0042  0.7543  0.7562  6.821  6.383  -0.43134  -0.19616  0  62
163  189  0043  0.7970  0.7808  4.810  5.426  -0.44934  -0.19016  0  62
163  184  0044  0.8168  0.7007  6.565  15.649  -0.35934  -0.28616  1  62
163  293  0045  0.7474  0.7132  15.380  15.730  -0.36534  -0.29216  0  62
163  183  0046  0.8105  0.7007  9.119  15.649  -0.35934  -0.28616  1  62
163  285  0047  0.7173  0.7124  18.746  16.846  -0.35934  -0.30416  0  62
163  184  0048  0.7065  0.7288  8.111  6.974  -0.41334  -0.19616  1  62
163  190  0049  0.7615  0.6969  10.091  15.241  -0.35934  -0.28016  0  62
218  355  0000  0.7347  0.7171  16.620  16.126  -0.36534  -0.29816  0  63
218  329  0001  0.7149  0.7124  18.767  16.846  -0.35934  -0.30416  0  63
218  191  0002  0.8207  0.8357  13.132  11.926  -0.44934  -0.29216  1  62
218  278  0003  0.7720  0.7577  19.005  18.803  -0.37134  -0.34616  0  63
218  230  0004  0.7584  0.7569  10.234  9.269  -0.41934  -0.23216  0  63
218  281  0005  0.7520  0.7532  6.198  5.963  -0.43134  -0.19016  0  62
218  276  0006  0.7325  0.7349  6.151  6.344  -0.41934  -0.19016  0  62
218  391  0007  0.6959  0.6969  14.843  15.241  -0.35934  -0.28016  0  62
218  337  0008  0.6992  0.6980  12.380  14.104  -0.36534  -0.26816  0  62
218  248  0009  0.7101  0.7198  5.117  5.665  -0.41334  -0.17816  0  62
218  230  0010  0.8429  0.8535  11.874  11.472  -0.46134  -0.29216  0  62
218  226  0011  0.8366  0.8446  11.914  11.696  -0.45534  -0.29216  1  62
218  221  0012  0.8088  0.7867  8.064  7.624  -0.44334  -0.22016  0  62
218  249  0013  0.7084  0.7258  7.027  6.541  -0.41334  -0.19016  0  62
218  382  0014  0.7145  0.7093  14.856  15.330  -0.36534  -0.28616  0  62
218  264  0015  0.7609  0.7563  8.405  7.826  -0.42534  -0.21416  0  62
218  273  0016  0.7274  0.7349  6.537  6.344  -0.41934  -0.19016  0  62
218  359  0017  0.7347  0.7171  16.153  16.126  -0.36534  -0.29816  0  62
218  225  0018  0.8093  0.7867  6.164  6.236  -0.44934  -0.20216  0  62
218  262  0019  0.7824  0.7716  5.369  5.601  -0.44334  -0.19016  0  62
218  191  0020  0.8265  0.8084  4.720  4.925  -0.46734  -0.19016  0  62
218  255  0021  0.7895  0.7714  7.023  7.016  -0.43734  -0.20816  0  62
218  253  0022  0.7647  0.7180  13.155  15.019  -0.37134  -0.28616  0  62
218  227  0023  0.7091  0.6980  9.805  14.104  -0.36534  -0.26816  0  62
218  232  0024  0.7801  0.7218  14.609  15.416  -0.37134  -0.29216  0  62
218  257  0025  0.7896  0.7745  5.992  6.012  -0.44334  -0.19616  0  62
218  230  0026  0.8046  0.7867  7.799  7.624  -0.44334  -0.22016  0  62
218  183  0027  0.8458  0.7007  8.091  15.649  -0.35934  -0.28616  1  62
218  250  0028  0.7914  0.7808  5.388  5.426  -0.44934  -0.19016  0  62
218  265  0029  0.7338  0.7382  4.541  5.293  -0.42534  -0.17816  0  62
218  358  0030  0.7271  0.7055  13.986  14.926  -0.36534  -0.28016  0  62
218  220  0031  0.7165  0.7291  9.332  8.472  -0.40734  -0.21416  0  62
218  295  0032  0.7575  0.7218  14.413  15.416  -0.37134  -0.29216  0  62
218  336  0033  0.7330  0.7055  13.494  14.926  -0.36534  -0.28016  0  62
218  201  0034  0.8202  0.8055  4.401  4.527  -0.46734  -0.18416  0  62
218  276  0035  0.7733  0.7577  19.013  18.803  -0.37134  -0.34616  0  63
218  348  0036  0.7301  0.7124  17.530  16.846  -0.35934  -0.30416  0  63
218  305  0037  0.7566  0.7374  16.992  16.962  -0.37134  -0.31616  0  63
218  273  0038  0.7552  0.7503  4.913  5.540  -0.43134  -0.18416  0  62
218  277  0039  0.7569  0.7592  7.253  6.799  -0.43134  -0.20216  0  62
218  265  0040  0.7801  0.7716  5.514  5.601  -0.44334  -0.19016  0  62
218  219  0041  0.7755  0.7093  12.603  15.330  -0.36534  -0.28616  0  62
218  209  0042  0.6928  0.7106  8.211  7.394  -0.40134  -0.19616  0  62
218  183  0043  0.8335  0.7007  7.231  15.649  -0.35934  -0.28616  1  62
218  255  0044  0.6968  0.6980  10.409  14.104  -0.36534  -0.26816  0  62
218  188  0045  0.8219  0.7007  15.804  15.649  -0.35934  -0.28616  1  62
218  221  0046  0.7615  0.7602  10.635  9.672  -0.41934  -0.23816  1  63
218  371  0047  0.7285  0.7132  16.092  15.730  -0.36534  -0.29216  0  62
218  192  0048  0.8074  0.7007  15.613  15.649  -0.35934  -0.28616  1  62
218  234  0049  0.7684  0.7660  10.043  9.047  -0.42534  -0.23216  0  62
272  329  0000  0.7537  0.7532  7.547  7.413  -0.42534  -0.20816  0  63
272  261  0001  0.8122  0.7963  8.859  8.801  -0.44334  -0.23816  0  63
272  250  0002  0.8221  0.8162  18.900  18.583  -0.40134  -0.37016  1  63
272  352  0003  0.7502  0.7180  14.093  15.019  -0.37134  -0.28616  0  63
272  247  0004  0.6940  0.7137  8.725  7.832  -0.40134  -0.20216  0  62
272  390  0005  0.7211  0.7164  18.247  17.236  -0.35934  -0.31016  0  63
272  383  0006  0.7459  0.7210  16.422  16.518  -0.36534  -0.30416  0  63
272  313  0007  0.7021  0.7031  10.972  13.388  -0.37134  -0.26216  0  62
272  354  0008  0.6908  0.6943  11.805  13.686  -0.36534  -0.26216  0  62
272  297  0009  0.7933  0.7786  18.289  18.502  -0.38334  -0.35216  0  63
272  358  0010  0.7373  0.7370  18.879  18.041  -0.36534  -0.32816  0  63
272  326  0011  0.7664  0.7623  7.610  7.212  -0.43134  -0.20816  0  63
272  356  0012  0.7510  0.7370  18.194  18.041  -0.36534  -0.32816  0  63
272  340  0013  0.7634  0.7577  18.893  18.803  -0.37134  -0.34616  0  63
272  331  0014  0.7359  0.7441  6.139  6.151  -0.42534  -0.19016  0  62
272  295  0015  0.7920  0.7745  17.901  18.150  -0.38334  -0.34616  0  63
272  294  0016  0.7239  0.7350  8.621  7.829  -0.41334  -0.20816  0  63
272  242  0017  0.6905  0.7046  8.652  8.055  -0.39534  -0.20216  0  62
272  260  0018  0.8129  0.8062  9.702  9.948  -0.44334  -0.25616  1  63
272  328  0019  0.7327  0.7349  6.001  6.344  -0.41934  -0.19016  0  62
272  236  0020  0.8296  0.8148  4.353  4.372  -0.47334  -0.18416  0  62
272  305  0021  0.7803  0.7750  4.384  4.603  -0.44934  -0.17816  -0  63
272  428  0022  0.7240  0.7093  15.245  15.330  -0.36534  -0.28616  0  63
272  335  0023  0.7575  0.7532  5.898  5.963  -0.43134  -0.19016  0  63
272  286  0024  0.6998  0.7166  7.152  6.744  -0.40734  -0.19016  0  62
272  311  0025  0.7238  0.7319  7.641  7.404  -0.41334  -0.20216  0  62
272  230  0026  0.7893  0.7257  14.916  15.809  -0.37134  -0.29816  0  63
272  298  0027  0.7638  0.7627  9.497  8.643  -0.42534  -0.22616  0  63
272  247  0028  0.7585  0.7580  11.508  10.708  -0.41334  -0.25016  0  63
272  321  0029  0.7757  0.7714  7.366  7.016  -0.43734  -0.20816  0  63
272  331  0030  0.7436  0.7411  5.589  5.724  -0.42534  -0.18416  0  62
272  243  0031  0.8235  0.8080  6.502  6.276  -0.46134  -0.20816  0  63
272  408  0032  0.6949  0.6980  13.194  14.104  -0.36534  -0.26816  0  62
272  327  0033  0.7576  0.7595  5.044  5.361  -0.43734  -0.18416  0  62
272  381  0034  0.6948  0.7039  18.700  17.182  -0.35334  -0.30416  0  63
272  274  0035  0.8348  0.8342  10.386  10.622  -0.45534  -0.27416  0  63
272  350  0036  0.7577  0.7296  15.819  16.197  -0.37134  -0.30416  0  63
272  308  0037  0.7217  0.7290  4.696  5.477  -0.41934  -0.17816  0  62
272  256  0038  0.8347  0.8398  9.479  10.045  -0.46134  -0.26816  0  63
272  326  0039  0.7526  0.7142  13.430  14.618  -0.37134  -0.28016  0  63
272  211  0040  0.8435  0.8422  8.201  9.112  -0.46734  -0.25616  0  63
272  204  0041  0.8461  0.8326  5.881  5.381  -0.47934  -0.20216  0  62
272  374  0042  0.7463  0.7218  14.939  15.416  -0.37134  -0.29216  0  63
272  314  0043  0.7838  0.7702  18.695  18.827  -0.37734  -0.35216  0  63
272  295  0044  0.7365  0.7382  9.065  8.251  -0.41334  -0.21416  0  63
272  278  0045  0.8018  0.7931  8.529  8.412  -0.44334  -0.23216  0  63
272  389  0046  0.6957  0.6999  18.496  16.784  -0.35334  -0.29816  0  63
272  283  0047  0.8415  0.8446  11.908  11.696  -0.45534  -0.29216  0  62
272  252  0048  0.8379  0.8398  9.304  10.045  -0.46134  -0.26816  1  63
272  241  0049  0.8228  0.8019  7.225  6.848  -0.45534  -0.21416  0  63
327  398  0000  0.7602  0.7536  18.773  18.443  -0.37134  -0.34016  0  64
327  244  0001  0.7969  0.8004  13.595  12.893  -0.42534  -0.29216  1  63
327  388  0002  0.7555  0.7562  6.507  6.383  -0.43134  -0.19616  0  63
327  475  0003  0.7145  0.7085  17.247  16.451  -0.35934  -0.29816  0  64
327  319  0004  0.8108  0.8095  10.202  10.325  -0.44334  -0.26216  0  63
327  437  0005  0.7261  0.7105  13.349  14.212  -0.37134  -0.27416  0  63
327  417  0006  0.7325  0.7105  13.155  14.212  -0.37134  -0.27416  0  63
327  324  0007  0.8374  0.8446  12.276  11.696  -0.45534  -0.29216  0  63
327  280  0008  0.6902  0.7078  9.164  8.494  -0.39534  -0.20816  0  62
327  321  0009  0.6924  0.7075  7.175  6.952  -0.40134  -0.19016  0  62
327  346  0010  0.7588  0.7627  9.531  8.643  -0.42534  -0.22616  0  63
327  335  0011  0.8032  0.7867  6.212  6.236  -0.44934  -0.20216  0  63
327  421  0012  0.7244  0.7204  18.772  17.621  -0.35934  -0.31616  0  64
327  383  0013  0.7520  0.7501  7.393  6.996  -0.42534  -0.20216  0  63
327  361  0014  0.7577  0.7595  8.814  8.237  -0.42534  -0.22016  0  63
327  325  0015  0.8263  0.8322  11.575  11.568  -0.44934  -0.28616  0  63
327  376  0016  0.7590  0.7566  4.634  4.940  -0.43734  -0.17816  0  63
327  307  0017  0.6938  0.7106  8.225  7.394  -0.40134  -0.19616  0  62
327  346  0018  0.7170  0.7228  8.217  7.615  -0.40734  -0.20216  0  63
327  491  0019  0.6909  0.6969  14.756  15.241  -0.35934  -0.28016  0  63
327  313  0020  0.7260  0.7300  10.286  9.967  -0.40134  -0.23216  0  63
327  277  0021  0.8359  0.8381  15.730  16.409  -0.42534  -0.35216  0  63
327  334  0022  0.8037  0.7958  5.984  6.058  -0.45534  -0.20216  0  63
327  320  0023  0.8081  0.7899  8.182  8.019  -0.44334  -0.22616  0  63
327  342  0024  0.7943  0.7840  8.701  8.618  -0.43734  -0.23216  0  63
327  497  0025  0.7022  0.7046  16.188  16.052  -0.35934  -0.29216  0  63
327  318  0026  0.7844  0.7625  16.025  17.071  -0.38334  -0.32816  0  63
327  316  0027  0.8321  0.8456  18.206  18.014  -0.41934  -0.37616  0  63
327  317  0028  0.8093  0.8095  10.506  10.325  -0.44334  -0.26216  0  63
327  358  0029  0.7861  0.7745  17.921  18.150  -0.38334  -0.34616  0  63
327  277  0030  0.6915  0.7020  9.386  9.167  -0.38934  -0.21416  0  63
327  472  0031  0.7295  0.7132  15.640  15.730  -0.36534  -0.29216  0  63
327  498  0032  0.6984  0.6969  15.265  15.241  -0.35934  -0.28016  0  63
327  324  0033  0.8068  0.7899  8.011  8.019  -0.44334  -0.22616  0  63
327  345  0034  0.7938  0.7777  8.052  7.824  -0.43734  -0.22016  0  63
327  326  0035  0.8089  0.7929  5.687  5.658  -0.45534  -0.19616  0  63
327  341  0036  0.7581  0.7267  13.371  14.715  -0.37734  -0.28616  0  63
327  318  0037  0.8454  0.8481  12.719  12.048  -0.45534  -0.29816  0  63
327  384  0038  0.7470  0.7142  13.471  14.618  -0.37134  -0.28016  0  63
327  341  0039  0.7418  0.7446  9.490  9.085  -0.41334  -0.22616  0  63
327  347  0040  0.7350  0.7382  9.034  8.251  -0.41334  -0.21416  0  63
327  244  0041  0.8138  0.8178  15.078  15.662  -0.41934  -0.33416  1  63
327  354  0042  0.7930  0.7806  6.928  6.824  -0.44334  -0.20816  0  63
327  318  0043  0.8335  0.8456  18.223  18.014  -0.41934  -0.37616  0  63
327  500  0044  0.7026  0.7007  15.903  15.649  -0.35934  -0.28616  0  63
327  235  0045  0.7931  0.7766  14.322  15.073  -0.40134  -0.31016  0  63
327  414  0046  0.7373  0.7370  18.722  18.041  -0.36534  -0.32816  0  64
327  470  0047  0.7297  0.7171  15.996  16.126  -0.36534  -0.29816  0  63
327  318  0048  0.8121  0.7988  6.463  6.454  -0.45534  -0.20816  0  63
327  377  0049  0.7293  0.7379  6.915  6.772  -0.41934  -0.19616  0  63
381  525  0000  0.7136  0.7124  17.298  16.846  -0.35934  -0.30416  -0  64
381  422  0001  0.7626  0.7595  8.290  8.237  -0.42534  -0.22016  0  63
381  373  0002  0.8166  0.8198  11.443  11.435  -0.44334  -0.28016  0  63
381  367  0003  0.8114  0.7958  7.622  7.429  -0.44934  -0.22016  0  63
381  406  0004  0.7474  0.7504  9.045  8.451  -0.41934  -0.22016  -0  64
381  380  0005  0.7928  0.7790  17.129  17.480  -0.38934  -0.34016  0  64
381  371  0006  0.7854  0.7849  10.524  10.009  -0.43134  -0.25016  0  64
381  304  0007  0.7879  0.7679  14.621  15.361  -0.39534  -0.31016  0  64
381  393  0008  0.7041  0.7198  5.301  5.665  -0.41334  -0.17816  0  63
381  316  0009  0.8368  0.8263  6.377  5.930  -0.47334  -0.20816  0  63
381  441  0010  0.7462  0.7471  6.523  6.575  -0.42534  -0.19616  -0  63
381  398  0011  0.7163  0.7228  8.155  7.615  -0.40734  -0.20216  0  63
381  410  0012  0.7690  0.7627  8.961  8.643  -0.42534  -0.22616  0  63
381  344  0013  0.8253  0.8335  16.719  17.025  -0.41934  -0.35816  1  63
381  370  0014  0.8070  0.8062  9.831  9.948  -0.44334  -0.25616  0  63
381  466  0015  0.7498  0.7454  17.824  17.710  -0.37134  -0.32816  0  64
381  375  0016  0.7875  0.7849  10.362  10.009  -0.43134  -0.25016  0  64
381  340  0017  0.6943  0.7078  9.063  8.494  -0.39534  -0.20816  0  63
381  426  0018  0.7471  0.7229  13.422  14.317  -0.37734  -0.28016  0  64
381  377  0019  0.8076  0.7928  7.137  7.035  -0.44934  -0.21416  -0  63
381  463  0020  0.7374  0.7370  18.767  18.041  -0.36534  -0.32816  0  64
381  385  0021  0.8023  0.7867  7.693  7.624  -0.44334  -0.22016  0  63
381  532  0022  0.7029  0.7085  17.125  16.451  -0.35934  -0.29816  0  64
381  460  0023  0.7145  0.7119  19.152  17.963  -0.35334  -0.31616  0  64
381  309  0024  0.8438  0.8487  14.608  14.260  -0.44334  -0.32816  0  64
381  439  0025  0.7507  0.7471  6.835  6.575  -0.42534  -0.19616  0  63
381  416  0026  0.7305  0.7155  12.023  13.509  -0.37734  -0.26816  0  64
381  328  0027  0.8336  0.8299  8.513  8.945  -0.46134  -0.25016  0  63
381  383  0028  0.8032  0.7963  4.774  4.687  -0.46134  -0.18416  -0  63
381  381  0029  0.7694  0.7726  10.351  9.843  -0.42534  -0.24416  0  64
381  399  0030  0.7151  0.7082  11.120  12.684  -0.37734  -0.25616  0  64
381  518  0031  0.7161  0.7124  17.581  16.846  -0.35934  -0.30416  -0  64
381  364  0032  0.7215  0.7244  10.278  10.631  -0.39534  -0.23816  0  64
381  352  0033  0.7063  0.7120  10.028  10.462  -0.38934  -0.23216  0  63
381  398  0034  0.7956  0.7837  5.464  5.833  -0.44934  -0.19616  -0  63
381  421  0035  0.7342  0.7382  4.615  5.293  -0.42534  -0.17816  0  63
381  354  0036  0.8250  0.8250  17.179  17.314  -0.41334  -0.35816  0  63
381  537  0037  0.7219  0.7132  15.741  15.730  -0.36534  -0.29216  -0  64
381  375  0038  0.8037  0.7996  17.981  18.216  -0.39534  -0.35816  0  64
381  392  0039  0.7899  0.7830  17.505  17.833  -0.38934  -0.34616  0  64
381  541  0040  0.7160  0.7046  15.947  16.052  -0.35934  -0.29216  0  64
381  428  0041  0.7623  0.7654  7.821  7.621  -0.43134  -0.21416  0  63
381  375  0042  0.7615  0.7267  13.581  14.715  -0.37734  -0.28616  0  64
381  422  0043  0.7200  0.7258  6.715  6.541  -0.41334  -0.19016  0  63
381  341  0044  0.8404  0.8506  15.947  16.465  -0.43134  -0.35816  1  63
381  363  0045  0.8115  0.8053  8.592  8.595  -0.44934  -0.23816  0  63
381  483  0046  0.7358  0.7180  14.091  15.019  -0.37134  -0.28616  0  64
381  378  0047  0.8076  0.7928  7.121  7.035  -0.44934  -0.21416  0  63
381  464  0048  0.7418  0.7411  18.768  18.412  -0.36534  -0.33416  0  64
381  472  0049  0.7171  0.7067  12.573  13.802  -0.37134  -0.26816  0  63
436  452  0000  0.7853  0.7840  8.978  8.618  -0.43734  -0.23216  0  64
436  420  0001  0.8337  0.8331  17.943  17.980  -0.41334  -0.37016  0  64
436  452  0002  0.7586  0.7569  9.657  9.269  -0.41934  -0.23216  0  64
436  417  0003  0.8472  0.8521  9.617  10.195  -0.46734  -0.27416  0  64
436  440  0004  0.8022  0.7929  5.465  5.658  -0.45534  -0.19616  -0  64
436  524  0005  0.7458  0.7257  15.473  15.809  -0.37134  -0.29816  0  65
436  417  0006  0.7840  0.7882  10.833  10.395  -0.43134  -0.25616  0  64
436  400  0007  0.7950  0.7951  11.678  11.158  -0.43134  -0.26816  0  64
436  593  0008  0.6955  0.6960  16.404  16.382  -0.35334  -0.29216  -0  64
436  418  0009  0.8384  0.8398  9.815  10.045  -0.46134  -0.26816  0  64
436  439  0010  0.7964  0.7873  9.058  9.011  -0.43734  -0.23816  0  64
436  433  0011  0.7582  0.7602  10.375  9.672  -0.41934  -0.23816  0  64
436  566  0012  0.7216  0.7124  17.399  16.846  -0.35934  -0.30416  -0  65
436  503  0013  0.6932  0.6994  19.105  17.922  -0.34734  -0.31016  0  65
436  448  0014  0.7465  0.7537  9.403  8.861  -0.41934  -0.22616  -0  64
436  454  0015  0.7965  0.7867  6.150  6.236  -0.44934  -0.20216  -0  64
436  352  0016  0.8398  0.8263  7.211  7.252  -0.46734  -0.22616  0  64
436  349  0017  0.8118  0.8140  15.228  15.313  -0.41934  -0.32816  0  64
436  370  0018  0.7755  0.7773  12.397  11.638  -0.41934  -0.26816  0  65
436  392  0019  0.8460  0.8455  8.958  9.476  -0.46734  -0.26216  0  64
436  432  0020  0.7337  0.7356  9.789  9.313  -0.40734  -0.22616  -0  64
436  371  0021  0.8100  0.8216  13.338  12.760  -0.43734  -0.29816  0  64
436  411  0022  0.8413  0.8537  19.251  18.658  -0.41934  -0.38816  1  64
436  502  0023  0.7132  0.7031  12.106  13.388  -0.37134  -0.26216  -0  64
436  499  0024  0.7608  0.7539  17.451  17.387  -0.37734  -0.32816  0  65
436  589  0025  0.6968  0.6960  16.841  16.382  -0.35334  -0.29216  -0  64
436  398  0026  0.8215  0.8176  8.668  8.772  -0.45534  -0.24416  0  64
436  604  0027  0.6961  0.7007  15.983  15.649  -0.35934  -0.28616  -0  64
436  463  0028  0.7209  0.7261  4.669  5.038  -0.41934  -0.17216  -0  63
436  470  0029  0.7363  0.7445  4.396  4.685  -0.43134  -0.17216  -0  64
436  409  0030  0.8147  0.8049  7.554  7.239  -0.45534  -0.22016  0  64
436  510  0031  0.7545  0.7374  16.607  16.962  -0.37134  -0.31616  0  65
436  349  0032  0.8055  0.8077  13.841  13.623  -0.42534  -0.30416  0  64
436  450  0033  0.7501  0.7316  13.241  14.024  -0.38334  -0.28016  0  65
436  482  0034  0.7762  0.7684  6.554  6.607  -0.43734  -0.20216  -0  64
436  476  0035  0.7742  0.7654  7.670  7.621  -0.43134  -0.21416  -0  64
436  383  0036  0.8230  0.8340  13.420  12.872  -0.44334  -0.30416  0  64
436  513  0037  0.6996  0.7031  12.170  13.388  -0.37134  -0.26216  0  64
436  401  0038  0.8255  0.8242  9.026  9.521  -0.45534  -0.25616  0  64
436  473  0039  0.7831  0.7745  6.101  6.012  -0.44334  -0.19616  -0  64
436  429  0040  0.7944  0.7939  10.127  9.786  -0.43734  -0.25016  0  64
436  590  0041  0.6928  0.6931  14.301  14.829  -0.35934  -0.27416  -0  64
436  467  0042  0.7841  0.7744  18.935  19.178  -0.37734  -0.35816  0  64
436  559  0043  0.7271  0.7142  14.324  14.618  -0.37134  -0.28016  -0  64
436  401  0044  0.8218  0.8142  6.073  5.712  -0.46734  -0.20216  0  64
436  437  0045  0.7910  0.7905  9.642  9.400  -0.43734  -0.24416  0  64
436  387  0046  0.8117  0.8085  16.421  16.925  -0.40734  -0.34616  0  64
436  597  0047  0.6927  0.7007  16.144  15.649  -0.35934  -0.28616  -0  65
436  438  0048  0.7457  0.7243  12.456  13.222  -0.38334  -0.26816  0  65
436  393  0049  0.8240  0.8110  6.565  6.666  -0.46134  -0.21416  -0  64
490  494  0000  0.7695  0.7546  15.704  16.332  -0.38334  -0.31616  0  65
490  551  0001  0.7587  0.7499  16.742  17.017  -0.37734  -0.32216  0  65
490  447  0002  0.7865  0.7862  11.750  11.395  -0.42534  -0.26816  0  65
490  555  0003  0.7579  0.7577  19.115  18.803  -0.37134  -0.34616  -0  65
490  544  0004  0.7545  0.7503  5.537  5.540  -0.43134  -0.18416  -0  64
490  483  0005  0.7640  0.7429  14.678  15.196  -0.38334  -0.29816  0  65
490  466  0006  0.7449  0.7402  11.222  11.202  -0.40134  -0.25016  -0  65
490  534  0007  0.7745  0.7745  6.025  6.012  -0.44334  -0.19616  -0  64
490  627  0008  0.6964  0.6999  17.456  16.784  -0.35334  -0.29816  -0  65
490  454  0009  0.8086  0.8145  12.201  12.035  -0.43734  -0.28616  0  65
490  458  0010  0.7023  0.7110  9.029  8.930  -0.39534  -0.21416  -0  64
490  421  0011  0.8086  0.8128  13.431  13.007  -0.43134  -0.29816  0  65
490  621  0012  0.7239  0.7124  17.074  16.846  -0.35934  -0.30416  -0  66
490  482  0013  0.7096  0.7169  8.620  8.267  -0.40134  -0.20816  -0  64
490  403  0014  0.8172  0.8189  14.607  14.692  -0.42534  -0.32216  0  65
490  456  0015  0.8253  0.8176  4.713  4.766  -0.47334  -0.19016  -0  64
490  460  0016  0.8206  0.8176  4.856  4.766  -0.47334  -0.19016  -0  64
490  475  0017  0.7551  0.7316  13.188  14.024  -0.38334  -0.28016  0  65
490  484  0018  0.8325  0.8357  12.216  11.926  -0.44934  -0.29216  0  64
490  512  0019  0.7750  0.7750  8.985  8.830  -0.43134  -0.23216  -0  64
490  514  0020  0.7109  0.7228  6.057  6.105  -0.41334  -0.18416  -0  63
490  656  0021  0.7097  0.7046  16.064  16.052  -0.35934  -0.29216  -0  65
490  518  0022  0.7849  0.7779  4.840  5.016  -0.44934  -0.18416  -0  64
490  503  0023  0.7883  0.7840  8.984  8.618  -0.43734  -0.23216  0  64
490  638  0024  0.7155  0.7055  14.436  14.926  -0.36534  -0.28016  -0  65
490  413  0025  0.8356  0.8400  14.735  14.515  -0.43734  -0.32816  0  65
490  397  0026  0.8108  0.8102  14.801  14.961  -0.41934  -0.32216  0  65
490  512  0027  0.7214  0.7228  7.861  7.615  -0.40734  -0.20216  -0  64
490  439  0028  0.7901  0.7986  11.979  11.534  -0.43134  -0.27416  0  65
490  448  0029  0.8292  0.8205  5.029  5.157  -0.47334  -0.19616  -0  64
490  606  0030  0.7354  0.7249  17.073  16.905  -0.36534  -0.31016  -0  65
490  521  0031  0.7050  0.6994  11.490  12.970  -0.37134  -0.25616  -0  64
490  454  0032  0.7561  0.7419  12.569  12.669  -0.39534  -0.26816  0  65
490  501  0033  0.7671  0.7692  9.719  9.447  -0.42534  -0.23816  0  65
490  468  0034  0.7460  0.7457  10.936  10.548  -0.40734  -0.24416  0  65
490  547  0035  0.7350  0.7192  13.072  13.915  -0.37734  -0.27416  -0  65
490  477  0036  0.8076  0.8028  9.536  9.569  -0.44334  -0.25016  0  64
490  442  0037  0.8195  0.8216  13.101  12.760  -0.43734  -0.29816  0  64
490  482  0038  0.7538  0.7513  10.464  9.903  -0.41334  -0.23816  -0  65
490  478  0039  0.8338  0.8308  10.072  10.258  -0.45534  -0.26816  0  64
490  524  0040  0.7340  0.7353  4.477  4.859  -0.42534  -0.17216  -0  64
490  630  0041  0.7258  0.7132  15.278  15.730  -0.36534  -0.29216  -0  65
490  500  0042  0.7878  0.7830  17.483  17.833  -0.38934  -0.34616  0  65
490  655  0043  0.7087  0.7046  15.836  16.052  -0.35934  -0.29216  -0  65
490  521  0044  0.7875  0.7806  6.901  6.824  -0.44334  -0.20816  -0  64
490  448  0045  0.8210  0.8112  8.078  8.012  -0.45534  -0.23216  -0  64
490  532  0046  0.7264  0.7258  6.650  6.541  -0.41334  -0.19016  -0  64
490  501  0047  0.7980  0.7867  6.075  6.236  -0.44934  -0.20216  -0  64
490  587  0048  0.7439  0.7296  16.145  16.197  -0.37134  -0.30416  -0  65
490  619  0049  0.7119  0.7017  13.629  14.517  -0.36534  -0.27416  -0  65
544  534  0000  0.8349  0.8342  10.217  10.622  -0.45534  -0.27416  -0  65
544  470  0001  0.7919  0.7932  12.740  12.151  -0.42534  -0.28016  0  66
544  523  0002  0.8343  0.8375  17.221  17.358  -0.41934  -0.36416  0  65
544  589  0003  0.7698  0.7687  5.142  5.187  -0.44334  -0.18416  -0  65
544  557  0004  0.7539  0.7569  9.482  9.269  -0.41934  -0.23216  -0  65
544  548  0005  0.7002  0.7106  5.939  5.858  -0.40734  -0.17816  -0  64
544  538  0006  0.7976  0.7939  9.772  9.786  -0.43734  -0.25016  0  65
544  546  0007  0.8393  0.8411  11.282  11.341  -0.45534  -0.28616  -0  65
544  550  0008  0.7116  0.7169  4.632  5.221  -0.41334  -0.17216  -0  64
544  457  0009  0.8475  0.8385  6.237  6.142  -0.47934  -0.21416  -0  65
544  691  0010  0.7059  0.7085  17.066  16.451  -0.35934  -0.29816  -0  66
544  541  0011  0.8013  0.7911  18.331  18.530  -0.38934  -0.35816  0  65
544  600  0012  0.7566  0.7460  16.224  16.644  -0.37734  -0.31616  -0  66
544  583  0013  0.7743  0.7620  17.837  18.115  -0.37734  -0.34016  -0  66
544  597  0014  0.7645  0.7592  6.707  6.799  -0.43134  -0.20216  -0  65
544  594  0015  0.7398  0.7441  6.493  6.151  -0.42534  -0.19016  -0  65
544  559  0016  0.7620  0.7660  9.417  9.047  -0.42534  -0.23216  -0  65
544  623  0017  0.7436  0.7411  18.750  18.412  -0.36534  -0.33416  -0  66
544  516  0018  0.6912  0.7015  7.740  7.612  -0.39534  -0.19616  0  64
544  526  0019  0.8227  0.8185  9.862  10.106  -0.44934  -0.26216  0  65
544  554  0020  0.7096  0.7169  4.863  5.221  -0.41334  -0.17216  -0  64
544  508  0021  0.8251  0.8304  12.957  12.517  -0.44334  -0.29816  0  65
544  516  0022  0.8076  0.8040  17.149  17.567  -0.40134  -0.35216  0  65
544  600  0023  0.7456  0.7441  6.014  6.151  -0.42534  -0.19016  -0  65
544  530  0024  0.7231  0.7266  9.856  9.548  -0.40134  -0.22616  -0  65
544  506  0025  0.7980  0.7986  11.592  11.534  -0.43134  -0.27416  0  65
544  551  0026  0.7969  0.7836  7.335  7.226  -0.44334  -0.21416  -0  65
544  610  0027  0.7586  0.7495  17.752  18.079  -0.37134  -0.33416  -0  66
544  657  0028  0.7309  0.7289  17.469  17.288  -0.36534  -0.31616  -0  66
544  550  0029  0.7975  0.7899  8.031  8.019  -0.44334  -0.22616  -0  65
544  534  0030  0.7355  0.7259  11.568  12.131  -0.38934  -0.25616  -0  66
544  482  0031  0.7836  0.7718  15.150  15.731  -0.39534  -0.31616  0  66
544  537  0032  0.7179  0.7189  10.922  11.305  -0.38934  -0.24416  -0  65
544  544  0033  0.7260  0.7324  9.204  8.894  -0.40734  -0.22016  -0  65
544  612  0034  0.7208  0.7201  19.120  18.727  -0.35334  -0.32816  -0  67
544  529  0035  0.6912  0.7045  6.500  6.506  -0.40134  -0.18416  0  63
544  543  0036  0.8024  0.7928  7.229  7.035  -0.44934  -0.21416  -0  65
544  649  0037  0.7370  0.7218  15.082  15.416  -0.37134  -0.29216  -0  66
544  620  0038  0.7529  0.7495  17.938  18.079  -0.37134  -0.33416  -0  66
544  510  0039  0.8157  0.8125  17.053  17.268  -0.40734  -0.35216  0  65
544  497  0040  0.7763  0.7593  14.994  15.656  -0.38934  -0.31016  0  66
544  530  0041  0.8083  0.7990  7.871  7.821  -0.44934  -0.22616  -0  65
544  525  0042  0.8311  0.8331  17.834  17.980  -0.41334  -0.37016  0  65
544  688  0043  0.7244  0.7132  15.796  15.730  -0.36534  -0.29216  -0  66
544  555  0044  0.7956  0.7900  5.073  5.255  -0.45534  -0.19016  -0  65
544  486  0045  0.8168  0.8216  13.298  12.760  -0.43734  -0.29816  0  65
544  619  0046  0.7399  0.7411  18.875  18.412  -0.36534  -0.33416  -0  66
544  611  0047  0.7593  0.7495  17.939  18.079  -0.37134  -0.33416  -0  66
544  570  0048  0.7268  0.7353  4.558  4.859  -0.42534  -0.17216  -0  64
544  679  0049  0.7014  0.6999  17.465  16.784  -0.35334  -0.29816  -0  66
599  743  0000  0.6965  0.7017  14.023  14.517  -0.36534  -0.27416  -0  66
599  565  0001  0.7917  0.7835  16.433  16.818  -0.39534  -0.33416  0  66
599  589  0002  0.8452  0.8432  10.312  10.406  -0.46134  -0.27416  -0  65
599  622  0003  0.7842  0.7786  18.182  18.502  -0.38334  -0.35216  -0  66
599  591  0004  0.8312  0.8342  10.392  10.622  -0.45534  -0.27416  -0  66
599  641  0005  0.7334  0.7382  5.404  5.293  -0.42534  -0.17816  -1  65
599  521  0006  0.8441  0.8418  5.643  5.222  -0.48534  -0.20216  -0  65
599  590  0007  0.8078  0.8021  5.414  5.487  -0.46134  -0.19616  -0  65
599  582  0008  0.8427  0.8393  12.557  12.280  -0.44934  -0.29816  0  65
599  564  0009  0.8211  0.8113  5.308  5.320  -0.46734  -0.19616  -0  65
599  685  0010  0.7007  0.7031  12.538  13.388  -0.37134  -0.26216  -0  66
599  542  0011  0.7752  0.7773  11.892  11.638  -0.41934  -0.26816  -0  67
599  698  0012  0.7001  0.6980  12.949  14.104  -0.36534  -0.26816  -0  66
599  553  0013  0.6944  0.7031  10.305  10.719  -0.38334  -0.23216  -0  65
599  637  0014  0.7654  0.7658  4.550  4.769  -0.44334  -0.17816  -1  65
599  629  0015  0.7765  0.7686  8.070  8.028  -0.43134  -0.22016  -0  66
599  567  0016  0.8100  0.8040  17.213  17.567  -0.40134  -0.35216  0  66
599  616  0017  0.7250  0.7259  8.069  8.045  -0.40734  -0.20816  -0  65
599  613  0018  0.7165  0.7135  11.421  11.989  -0.38334  -0.25016  -0  66
599  566  0019  0.8023  0.8075  11.649  11.299  -0.43734  -0.27416  0  66
599  642  0020  0.7072  0.7082  11.845  12.684  -0.37734  -0.25616  -0  66
599  649  0021  0.7087  0.7082  11.981  12.684  -0.37734  -0.25616  -0  66
599  591  0022  0.8037  0.7958  7.701  7.429  -0.44934  -0.22016  -0  66
599  757  0023  0.7045  0.7055  14.920  14.926  -0.36534  -0.28016  -0  66
599  522  0024  0.8424  0.8355  5.961  5.763  -0.47934  -0.20816  -0  65
599  657  0025  0.7001  0.6994  12.038  12.970  -0.37134  -0.25616  -0  66
599  593  0026  0.8371  0.8342  10.566  10.622  -0.45534  -0.27416  -0  65
599  613  0027  0.7704  0.7585  16.366  16.703  -0.38334  -0.32216  0  67
599  588  0028  0.8455  0.8500  17.114  17.401  -0.42534  -0.37016  0  65
599  522  0029  0.7744  0.7720  12.665  12.273  -0.41334  -0.27416  0  67
599  670  0030  0.6957  0.6994  18.797  17.922  -0.34734  -0.31016  -0  67
599  582  0031  0.7041  0.7140  4.368  4.773  -0.41334  -0.16616  -0  65
599  560  0032  0.8193  0.8086  8.820  8.977  -0.44934  -0.24416  -0  66
599  535  0033  0.7935  0.7932  12.402  12.151  -0.42534  -0.28016  0  66
599  594  0034  0.8044  0.8021  5.527  5.487  -0.46134  -0.19616  -0  65
599  597  0035  0.8322  0.8322  11.446  11.568  -0.44934  -0.28616  -0  65
599  630  0036  0.7716  0.7664  17.144  17.434  -0.38334  -0.33416  -0  67
599  588  0037  0.6959  0.7011  10.887  11.842  -0.37734  -0.24416  -0  65
599  732  0038  0.7106  0.7017  13.884  14.517  -0.36534  -0.27416  -0  66
599  539  0039  0.8416  0.8413  13.899  13.572  -0.44334  -0.31616  0  66
599  567  0040  0.7709  0.7704  11.291  10.862  -0.41934  -0.25616  0  66
599  558  0041  0.7001  0.7110  9.075  8.930  -0.39534  -0.21416  -0  65
599  557  0042  0.7004  0.7110  9.226  8.930  -0.39534  -0.21416  -0  65
599  671  0043  0.7560  0.7495  18.238  18.079  -0.37134  -0.33416  -0  67
599  567  0044  0.7479  0.7491  11.329  10.952  -0.40734  -0.25016  -0  67
599  546  0045  0.8369  0.8381  15.977  16.409  -0.42534  -0.35216  0  66
599  599  0046  0.7739  0.7585  16.286  16.703  -0.38334  -0.32216  0  67
599  531  0047  0.8096  0.8045  15.996  16.578  -0.40734  -0.34016  0  66
599  539  0048  0.8272  0.8202  6.770  6.487  -0.46734  -0.21416  -0  66
599  646  0049  0.7574  0.7460  16.127  16.644  -0.37734  -0.31616  -0  67
653  614  0000  0.8169  0.8112  7.874  8.012  -0.45534  -0.23216  -0  66
653  627  0001  0.8325  0.8375  17.172  17.358  -0.41934  -0.36416  0  66
653  769  0002  0.7229  0.7142  14.009  14.618  -0.37134  -0.28016  -0  67
653  636  0003  0.8088  0.8129  10.719  10.698  -0.44334  -0.26816  0  66
653  697  0004  0.7341  0.7411  5.482  5.724  -0.42534  -0.18416  -1  66
653  594  0005  0.7744  0.7773  11.926  11.638  -0.41934  -0.26816  -0  67
653  583  0006  0.8402  0.8390  15.338  15.461  -0.43134  -0.34016  0  67
653  686  0007  0.7825  0.7775  6.626  6.420  -0.44334  -0.20216  -1  66
653  562  0008  0.8168  0.8189  14.646  14.692  -0.42534  -0.32216  0  67
653  592  0009  0.7783  0.7773  12.042  11.638  -0.41934  -0.26816  -0  67
653  579  0010  0.8479  0.8512  8.549  8.914  -0.47334  -0.25616  -0  66
653  565  0011  0.8444  0.8385  6.325  6.142  -0.47934  -0.21416  -0  66
653  743  0012  0.7003  0.7079  18.369  17.574  -0.35334  -0.31016  -0  68
653  636  0013  0.8081  0.8037  18.772  18.557  -0.39534  -0.36416  0  67
653  611  0014  0.8272  0.8268  4.602  4.610  -0.47934  -0.19016  -0  65
653  677  0015  0.7283  0.7207  12.165  12.815  -0.38334  -0.26216  -0  67
653  588  0016  0.8449  0.8389  4.819  4.841  -0.48534  -0.19616  -0  65
653  691  0017  0.7569  0.7566  4.495  4.940  -0.43734  -0.17816  -1  66
653  559  0018  0.7784  0.7740  13.581  13.677  -0.40734  -0.29216  -0  68
653  634  0019  0.7351  0.7313  11.325  11.458  -0.39534  -0.25016  -0  67
653  620  0020  0.6932  0.7015  7.948  7.612  -0.39534  -0.19616  -0  65
653  712  0021  0.7594  0.7539  17.437  17.387  -0.37734  -0.32816  -0  68
653  623  0022  0.8163  0.8148  4.494  4.372  -0.47334  -0.18416  -1  66
653  655  0023  0.7589  0.7429  14.789  15.196  -0.38334  -0.29816  -0  68
653  779  0024  0.7043  0.7017  13.612  14.517  -0.36534  -0.27416  -0  67
653  636  0025  0.7871  0.7750  16.693  17.122  -0.38934  -0.33416  -0  67
653  578  0026  0.8184  0.8217  15.688  16.008  -0.41934  -0.34016  0  67
653  625  0027  0.8311  0.8375  17.189  17.358  -0.41934  -0.36416  0  66
653  682  0028  0.7849  0.7806  6.642  6.824  -0.44334  -0.20816  -1  66
653  700  0029  0.7553  0.7532  7.548  7.413  -0.42534  -0.20816  -1  66
653  623  0030  0.7848  0.7882  10.926  10.395  -0.43134  -0.25616  -0  67
653  693  0031  0.7763  0.7684  6.683  6.607  -0.43734  -0.20216  -1  66
653  591  0032  0.8274  0.8235  7.998  8.197  -0.46134  -0.23816  -0  67
653  660  0033  0.7954  0.7900  4.987  5.255  -0.45534  -0.19016  -1  66
653  677  0034  0.7873  0.7827  18.845  18.850  -0.38334  -0.35816  0  67
653  778  0035  0.7226  0.7142  14.301  14.618  -0.37134  -0.28016  -0  67
653  674  0036  0.7170  0.7197  7.391  7.182  -0.40734  -0.19616  -1  66
653  696  0037  0.7277  0.7319  5.920  5.912  -0.41934  -0.18416  -1  66
653  550  0038  0.7861  0.7865  14.016  13.782  -0.41334  -0.29816  0  68
653  635  0039  0.7220  0.7244  10.621  10.631  -0.39534  -0.23816  -0  67
653  713  0040  0.7530  0.7460  16.235  16.644  -0.37734  -0.31616  -0  68
653  582  0041  0.8418  0.8326  5.400  5.381  -0.47934  -0.20216  -0  66
653  767  0042  0.7339  0.7210  16.396  16.518  -0.36534  -0.30416  -0  68
653  635  0043  0.8337  0.8393  12.448  12.280  -0.44934  -0.29816  0  66
653  645  0044  0.6989  0.7077  5.348  5.409  -0.40734  -0.17216  -0  65
653  626  0045  0.8147  0.8086  9.016  8.977  -0.44934  -0.24416  -0  66
653  578  0046  0.8414  0.8400  14.530  14.515  -0.43734  -0.32816  0  67
653  627  0047  0.7530  0.7546  10.902  10.307  -0.41334  -0.24416  -0  67
653  661  0048  0.7238  0.7259  8.525  8.045  -0.40734  -0.20816  -0  66
653  594  0049  0.6912  0.6997  10.100  10.287  -0.38334  -0.22616  -0  66
708  642  0000  0.8093  0.8092  12.989  12.644  -0.43134  -0.29216  0  68
708  705  0001  0.7966  0.7931  8.645  8.412  -0.44334  -0.23216  -0  67
708  688  0002  0.8072  0.8021  8.139  8.209  -0.44934  -0.23216  -0  67
708  615  0003  0.8153  0.8140  15.019  15.313  -0.41934  -0.32816  0  68
708  690  0004  0.7551  0.7441  13.814  14.129  -0.38934  -0.28616  -0  69
708  747  0005  0.7264  0.7319  5.717  5.912  -0.41934  -0.18416  -1  66
708  858  0006  0.7148  0.7132  16.105  15.730  -0.36534  -0.29216  -1  68
708  819  0007  0.7068  0.7067  13.276  13.802  -0.37134  -0.26816  -0  67
708  684  0008  0.7227  0.7244  10.384  10.631  -0.39534  -0.23816  -0  68
708  672  0009  0.8467  0.8488  9.461  9.837  -0.46734  -0.26816  -0  67
708  608  0010  0.8069  0.8064  14.655  14.605  -0.41934  -0.31616  -0  68
708  683  0011  0.8338  0.8375  17.207  17.358  -0.41934  -0.36416  0  67
708  662  0012  0.7860  0.7862  11.612  11.395  -0.42534  -0.26816  -0  68
708  783  0013  0.7350  0.7370  18.592  18.041  -0.36534  -0.32816  -0  69
708  658  0014  0.8452  0.8467  15.933  16.134  -0.43134  -0.35216  -0  67
708  702  0015  0.8344  0.8357  12.016  11.926  -0.44934  -0.29216  -0  67
708  680  0016  0.7893  0.7835  16.530  16.818  -0.39534  -0.33416  -0  68
708  702  0017  0.7206  0.7291  8.780  8.472  -0.40734  -0.21416  -0  67
708  671  0018  0.8268  0.8250  16.981  17.314  -0.41334  -0.35816  0  67
708  623  0019  0.8271  0.8313  14.902  14.775  -0.43134  -0.32816  -0  68
708  746  0020  0.7379  0.7410  7.515  7.197  -0.41934  -0.20216  -1  67
708  701  0021  0.8023  0.7988  6.637  6.454  -0.45534  -0.20816  -1  67
708  815  0022  0.7311  0.7289  17.582  17.288  -0.36534  -0.31616  -0  69
708  780  0023  0.7353  0.7229  13.938  14.317  -0.37734  -0.28016  -1  68
708  737  0024  0.7796  0.7745  18.310  18.150  -0.38334  -0.34616  -0  68
708  684  0025  0.8127  0.8121  18.467  18.248  -0.40134  -0.36416  0  68
708  610  0026  0.8433  0.8416  7.808  7.816  -0.47334  -0.23816  -0  67
708  716  0027  0.7043  0.7136  6.324  6.303  -0.40734  -0.18416  -0  66
708  756  0028  0.7467  0.7305  14.890  15.109  -0.37734  -0.29216  -0  69
708  758  0029  0.7485  0.7441  6.169  6.151  -0.42534  -0.19016  -1  67
708  663  0030  0.8074  0.8145  12.199  12.035  -0.43734  -0.28616  -0  68
708  760  0031  0.7660  0.7618  18.946  19.160  -0.37134  -0.35216  -0  69
708  772  0032  0.7503  0.7421  16.076  16.266  -0.37734  -0.31016  -0  69
708  730  0033  0.7574  0.7595  8.734  8.237  -0.42534  -0.22016  -1  67
708  752  0034  0.7430  0.7411  5.355  5.724  -0.42534  -0.18416  -1  67
708  697  0035  0.8001  0.7996  9.316  9.186  -0.44334  -0.24416  -0  67
708  775  0036  0.7505  0.7460  16.503  16.644  -0.37734  -0.31616  -0  69
708  696  0037  0.7892  0.7849  9.933  10.009  -0.43134  -0.25016  -0  67
708  631  0038  0.8463  0.8487  14.351  14.260  -0.44334  -0.32816  0  67
708  683  0039  0.6928  0.7045  6.833  6.506  -0.40134  -0.18416  -0  65
708  638  0040  0.8347  0.8326  13.983  13.822  -0.43734  -0.31616  0  67
708  610  0041  0.8462  0.8415  6.569  6.519  -0.47934  -0.22016  -0  67
708  613  0042  0.7925  0.7916  13.265  13.149  -0.41934  -0.29216  -0  68
708  703  0043  0.7958  0.7873  8.998  9.011  -0.43734  -0.23816  -0  67
708  709  0044  0.7864  0.7790  17.221  17.480  -0.38934  -0.34016  -0  68
708  695  0045  0.7574  0.7391  14.327  14.809  -0.38334  -0.29216  -0  69
708  664  0046  0.8372  0.8421  16.409  16.742  -0.42534  -0.35816  0  67
708  792  0047  0.7172  0.7067  13.019  13.802  -0.37134  -0.26816  -0  68
708  694  0048  0.7879  0.7849  10.294  10.009  -0.43134  -0.25016  -0  67
708  633  0049  0.8078  0.8128  13.291  13.007  -0.43134  -0.29816  0  68
762  777  0000  0.7183  0.7228  7.713  7.615  -0.40734  -0.20216  -1  67
762  728  0001  0.7569  0.7441  13.635  14.129  -0.38934  -0.28616  -0  70
762  687  0002  0.8389  0.8390  15.192  15.461  -0.43134  -0.34016  -0  68
762  716  0003  0.8342  0.8340  13.264  12.872  -0.44334  -0.30416  -0  68
762  742  0004  0.7260  0.7278  11.075  11.046  -0.39534  -0.24416  -1  69
762  792  0005  0.7737  0.7686  8.157  8.028  -0.43134  -0.22016  -1  68
762  666  0006  0.7780  0.7690  13.976  14.328  -0.40134  -0.29816  -0  69
762  669  0007  0.7845  0.7880  12.983  12.776  -0.41934  -0.28616  -0  69
762  691  0008  0.8404  0.8390  15.366  15.461  -0.43134  -0.34016  -0  68
762  762  0009  0.8010  0.7958  6.054  6.058  -0.45534  -0.20216  -1  68
762  797  0010  0.7770  0.7716  5.544  5.601  -0.44334  -0.19016  -1  68
762  721  0011  0.7814  0.7827  11.400  11.012  -0.42534  -0.26216  -0  69
762  821  0012  0.7493  0.7382  15.843  15.884  -0.37734  -0.30416  -0  69
762  733  0013  0.7926  0.7917  10.991  10.778  -0.43134  -0.26216  -0  68
762  729  0014  0.8337  0.8375  16.993  17.358  -0.41934  -0.36416  0  68
762  752  0015  0.8290  0.8253  10.842  10.843  -0.44934  -0.27416  -0  68
762  915  0016  0.7105  0.7085  16.384  16.451  -0.35934  -0.29816  -1  70
762  773  0017  0.7926  0.7929  5.549  5.658  -0.45534  -0.19616  -1  68
762  697  0018  0.8162  0.8131  16.116  16.290  -0.41334  -0.34016  -0  69
762  736  0019  0.8182  0.8162  18.551  18.583  -0.40134  -0.37016  -0  68
762  743  0020  0.7836  0.7750  16.563  17.122  -0.38934  -0.33416  -0  69
762  766  0021  0.7062  0.7106  5.431  5.858  -0.40734  -0.17816  -1  67
762  745  0022  0.8219  0.8233  11.967  11.799  -0.44334  -0.28616  -0  68
762  835  0023  0.7104  0.7031  12.610  13.388  -0.37134  -0.26216  -1  69
762  759  0024  0.7707  0.7726  9.941  9.843  -0.42534  -0.24416  -0  68
762  795  0025  0.7306  0.7288  7.207  6.974  -0.41334  -0.19616  -1  67
762  663  0026  0.7803  0.7777  14.113  14.052  -0.40734  -0.29816  -0  69
762  740  0027  0.7286  0.7300  10.081  9.967  -0.40134  -0.23216  -0  68
762  783  0028  0.7781  0.7808  8.274  8.223  -0.43734  -0.22616  -1  68
762  897  0029  0.6943  0.6999  16.997  16.784  -0.35334  -0.29816  -0  69
762  681  0030  0.8416  0.8390  15.092  15.461  -0.43134  -0.34016  0  68
762  760  0031  0.7472  0.7479  9.844  9.496  -0.41334  -0.23216  -1  68
762  747  0032  0.7147  0.7100  10.940  11.570  -0.38334  -0.24416  -1  68
762  761  0033  0.7086  0.7106  7.668  7.394  -0.40134  -0.19616  -1  67
762  661  0034  0.7879  0.7916  13.406  13.149  -0.41934  -0.29216  -0  69
762  887  0035  0.7028  0.7039  17.554  17.182  -0.35334  -0.30416  -0  70
762  801  0036  0.7673  0.7687  5.056  5.187  -0.44334  -0.18416  -1  68
762  911  0037  0.7169  0.7093  15.317  15.330  -0.36534  -0.28616  -1  69
762  755  0038  0.8310  0.8287  11.029  11.207  -0.44934  -0.28016  -0  68
762  712  0039  0.8013  0.8021  12.058  11.907  -0.43134  -0.28016  -0  68
762  808  0040  0.7687  0.7684  6.624  6.607  -0.43734  -0.20216  -1  68
762  755  0041  0.8417  0.8377  10.717  10.983  -0.45534  -0.28016  -0  68
762  751  0042  0.8251  0.8287  11.417  11.207  -0.44934  -0.28016  -0  68
762  734  0043  0.8021  0.7955  17.373  17.872  -0.39534  -0.35216  -0  69
762  789  0044  0.6922  0.6958  11.808  12.547  -0.37134  -0.25016  -0  68
762  777  0045  0.7799  0.7750  8.881  8.830  -0.43134  -0.23216  -1  68
762  747  0046  0.8172  0.8164  10.935  11.068  -0.44334  -0.27416  0  68
762  689  0047  0.8305  0.8326  14.055  13.822  -0.43734  -0.31616  -0  68
762  685  0048  0.7974  0.7967  15.697  15.874  -0.40734  -0.32816  -0  69
762  817  0049  0.7639  0.7620  18.150  18.115  -0.37734  -0.34016  -0  69
