43    0000    0.7438    155.587
43    0001    0.6945    159.041
43    0002    0.6963    154.377
43    0003    0.7544    159.636
43    0004    0.7236    148.361
43    0005    0.6478    160.274
43    0006    0.7449    160.884
43    0007    0.7704    146.558
43    0008    0.7539    150.923
43    0009    0.7378    150.177
43    0010    0.7122    159.534
43    0011    0.7166    147.665
43    0012    0.7111    149.380
43    0013    0.7036    159.909
43    0014    0.6972    158.941
43    0015    0.6581    155.995
43    0016    0.7732    156.361
43    0017    0.6780    150.043
43    0018    0.6900    157.748
43    0019    0.6827    152.761
43    0020    0.6909    160.499
43    0021    0.7507    151.417
43    0022    0.7732    157.062
43    0023    0.6140    153.823
43    0024    0.6266    158.721
43    0025    0.7202    146.967
43    0026    0.6246    154.721
43    0027    0.6458    158.701
43    0028    0.6514    148.339
43    0029    0.7778    160.540
43    0030    0.6988    156.585
43    0031    0.7400    148.371
43    0032    0.6373    158.164
43    0033    0.6704    155.287
43    0034    0.7658    153.450
43    0035    0.7635    149.612
43    0036    0.6525    156.210
43    0037    0.7396    147.257
43    0038    0.7301    147.204
43    0039    0.7068    157.586
43    0040    0.7238    156.916
43    0041    0.6143    153.015
43    0042    0.6622    160.405
43    0043    0.7641    149.998
43    0044    0.7543    155.701
43    0045    0.6495    149.308
43    0046    0.7585    155.966
43    0047    0.6913    151.279
43    0048    0.7390    154.660
43    0049    0.7026    152.624
87    0000    0.7437    147.233
87    0001    0.6437    158.947
87    0002    0.6267    148.111
87    0003    0.7071    157.261
87    0004    0.6653    156.853
87    0005    0.6247    158.553
87    0006    0.7069    152.495
87    0007    0.7317    147.054
87    0008    0.6814    159.748
87    0009    0.6312    160.304
87    0010    0.6437    153.665
87    0011    0.7255    159.291
87    0012    0.7223    156.198
87    0013    0.6648    159.161
87    0014    0.7285    153.429
87    0015    0.7187    147.283
87    0016    0.7384    147.292
87    0017    0.7395    158.985
87    0018    0.6532    160.470
87    0019    0.6687    147.319
87    0020    0.6790    158.520
87    0021    0.7588    147.695
87    0022    0.6327    149.189
87    0023    0.7333    157.445
87    0024    0.6555    157.641
87    0025    0.6586    147.304
87    0026    0.6586    153.502
87    0027    0.6990    160.897
87    0028    0.7009    157.081
87    0029    0.6323    153.045
87    0030    0.7254    148.608
87    0031    0.6816    158.293
87    0032    0.6730    147.221
87    0033    0.7416    153.940
87    0034    0.6151    154.048
87    0035    0.7243    157.831
87    0036    0.6948    149.836
87    0037    0.6931    157.837
87    0038    0.6890    153.877
87    0039    0.7777    147.648
87    0040    0.6271    155.914
87    0041    0.7326    158.441
87    0042    0.7091    159.627
87    0043    0.7108    147.508
87    0044    0.6360    153.912
87    0045    0.7575    151.018
87    0046    0.7398    158.045
87    0047    0.6249    157.351
87    0048    0.7023    157.516
87    0049    0.7156    159.211
130    0000    0.6392    159.354
130    0001    0.6714    153.405
130    0002    0.7032    157.630
130    0003    0.6880    146.836
130    0004    0.6329    151.674
130    0005    0.7627    151.702
130    0006    0.6273    147.518
130    0007    0.7570    149.130
130    0008    0.6647    155.329
130    0009    0.6248    146.194
130    0010    0.6640    146.318
130    0011    0.6739    155.971
130    0012    0.6930    150.268
130    0013    0.6793    159.599
130    0014    0.7095    160.403
130    0015    0.7439    149.089
130    0016    0.7119    151.614
130    0017    0.6351    152.512
130    0018    0.7394    149.717
130    0019    0.7224    150.034
130    0020    0.7740    149.306
130    0021    0.7049    149.179
130    0022    0.7486    148.866
130    0023    0.6158    149.998
130    0024    0.6205    160.767
130    0025    0.7548    157.917
130    0026    0.7300    154.842
130    0027    0.7342    157.832
130    0028    0.6596    150.498
130    0029    0.7491    146.131
130    0030    0.6478    147.588
130    0031    0.6721    157.396
130    0032    0.6474    154.000
130    0033    0.7604    154.964
130    0034    0.6502    148.155
130    0035    0.6271    153.243
130    0036    0.7125    151.748
130    0037    0.7349    146.978
130    0038    0.6361    158.499
130    0039    0.6722    150.237
130    0040    0.6742    157.523
130    0041    0.7510    150.627
130    0042    0.6192    158.699
130    0043    0.6511    161.001
130    0044    0.6589    155.132
130    0045    0.7146    159.311
130    0046    0.6571    148.079
130    0047    0.7575    153.795
130    0048    0.6197    154.528
130    0049    0.6886    150.863
173    0000    0.6916    146.483
173    0001    0.7049    152.965
173    0002    0.6930    151.146
173    0003    0.6372    147.440
173    0004    0.7477    152.814
173    0005    0.7491    159.883
173    0006    0.7570    154.857
173    0007    0.7527    158.547
173    0008    0.6872    154.880
173    0009    0.6542    159.913
173    0010    0.6360    160.954
173    0011    0.7060    148.537
173    0012    0.6802    158.876
173    0013    0.6595    154.415
173    0014    0.6185    160.828
173    0015    0.6782    154.353
173    0016    0.6238    154.299
173    0017    0.7586    151.664
173    0018    0.6238    156.359
173    0019    0.7669    156.595
173    0020    0.7426    148.802
173    0021    0.6402    149.686
173    0022    0.7251    155.286
173    0023    0.7141    147.092
173    0024    0.7666    160.476
173    0025    0.7121    154.130
173    0026    0.7056    152.780
173    0027    0.7587    157.263
173    0028    0.6939    149.860
173    0029    0.6808    160.108
173    0030    0.6998    159.762
173    0031    0.7221    156.229
173    0032    0.6620    155.787
173    0033    0.7733    149.751
173    0034    0.6333    147.869
173    0035    0.6239    146.947
173    0036    0.6810    149.876
173    0037    0.7711    159.481
173    0038    0.6881    156.291
173    0039    0.7491    147.223
173    0040    0.6629    156.374
173    0041    0.7016    156.401
173    0042    0.7421    155.491
173    0043    0.7195    160.213
173    0044    0.7429    158.701
173    0045    0.6607    148.288
173    0046    0.6727    147.679
173    0047    0.7655    149.730
173    0048    0.6716    152.730
173    0049    0.7016    152.987
217    0000    0.6298    157.929
217    0001    0.6152    151.865
217    0002    0.6878    153.195
217    0003    0.6238    154.432
217    0004    0.6838    150.451
217    0005    0.6991    161.028
217    0006    0.7217    149.301
217    0007    0.7321    150.703
217    0008    0.7608    151.780
217    0009    0.6456    160.895
217    0010    0.7673    157.057
217    0011    0.6433    154.200
217    0012    0.7673    149.016
217    0013    0.6683    150.679
217    0014    0.7349    156.847
217    0015    0.7361    151.099
217    0016    0.6553    160.118
217    0017    0.7152    154.525
217    0018    0.7185    155.679
217    0019    0.6729    159.769
217    0020    0.6814    155.650
217    0021    0.7239    157.494
217    0022    0.6312    155.341
217    0023    0.7093    160.393
217    0024    0.6721    159.882
217    0025    0.6270    156.462
217    0026    0.6521    151.730
217    0027    0.7472    146.878
217    0028    0.7688    148.608
217    0029    0.6903    147.037
217    0030    0.7215    156.659
217    0031    0.6329    148.350
217    0032    0.6454    151.358
217    0033    0.6861    155.908
217    0034    0.7077    160.185
217    0035    0.6638    156.421
217    0036    0.6906    155.755
217    0037    0.6777    160.697
217    0038    0.6838    148.041
217    0039    0.6907    157.097
217    0040    0.6614    160.510
217    0041    0.7685    157.009
217    0042    0.6887    146.981
217    0043    0.6283    157.532
217    0044    0.7359    154.365
217    0045    0.6142    148.588
217    0046    0.6308    155.090
217    0047    0.6855    156.314
217    0048    0.7408    157.364
217    0049    0.6612    155.386
260    0000    0.6828    149.134
260    0001    0.7169    152.142
260    0002    0.6161    147.203
260    0003    0.6493    147.495
260    0004    0.7590    157.233
260    0005    0.7720    154.128
260    0006    0.7254    155.302
260    0007    0.6630    155.901
260    0008    0.7422    146.817
260    0009    0.7397    146.946
260    0010    0.6557    146.712
260    0011    0.7363    151.689
260    0012    0.7428    152.956
260    0013    0.6258    155.085
260    0014    0.7488    154.085
260    0015    0.7045    160.817
260    0016    0.7575    156.337
260    0017    0.7584    161.070
260    0018    0.7119    153.594
260    0019    0.6623    150.185
260    0020    0.7777    147.650
260    0021    0.6267    153.088
260    0022    0.6752    151.178
260    0023    0.6999    156.906
260    0024    0.7584    160.493
260    0025    0.7674    148.352
260    0026    0.7394    159.270
260    0027    0.6373    150.716
260    0028    0.6897    151.951
260    0029    0.7175    146.573
260    0030    0.6459    147.775
260    0031    0.6945    146.617
260    0032    0.6935    147.227
260    0033    0.7087    160.137
260    0034    0.6131    156.101
260    0035    0.6570    152.012
260    0036    0.6474    149.272
260    0037    0.7663    156.227
260    0038    0.7308    146.112
260    0039    0.6546    146.511
260    0040    0.7776    156.343
260    0041    0.7079    156.076
260    0042    0.6575    154.914
260    0043    0.6722    156.767
260    0044    0.7721    149.267
260    0045    0.7480    151.465
260    0046    0.6822    157.637
260    0047    0.7206    146.445
260    0048    0.6720    151.088
260    0049    0.7278    146.647
304    0000    0.6770    153.636
304    0001    0.6837    160.661
304    0002    0.7784    150.696
304    0003    0.6753    155.792
304    0004    0.7674    160.548
304    0005    0.7338    158.029
304    0006    0.6538    156.015
304    0007    0.6495    153.076
304    0008    0.7701    156.680
304    0009    0.7101    154.501
304    0010    0.7255    146.669
304    0011    0.6242    156.238
304    0012    0.6443    160.966
304    0013    0.7259    147.367
304    0014    0.6839    148.830
304    0015    0.6485    148.834
304    0016    0.6963    158.569
304    0017    0.7080    147.184
304    0018    0.6670    150.726
304    0019    0.7461    150.310
304    0020    0.6675    159.292
304    0021    0.6849    157.151
304    0022    0.6159    158.923
304    0023    0.7066    157.990
304    0024    0.6225    150.543
304    0025    0.6502    149.571
304    0026    0.6394    154.315
304    0027    0.6449    153.896
304    0028    0.6895    159.865
304    0029    0.7697    153.243
304    0030    0.7321    153.815
304    0031    0.6250    151.768
304    0032    0.7131    159.739
304    0033    0.7515    157.369
304    0034    0.7674    149.206
304    0035    0.6844    153.554
304    0036    0.6510    147.645
304    0037    0.6376    156.585
304    0038    0.6433    149.379
304    0039    0.7206    158.284
304    0040    0.6544    156.624
304    0041    0.7133    150.003
304    0042    0.6173    155.247
304    0043    0.7724    148.070
304    0044    0.6253    154.929
304    0045    0.7054    148.710
304    0046    0.7436    155.126
304    0047    0.6470    146.245
304    0048    0.7603    151.751
304    0049    0.6639    149.060
347    0000    0.6768    146.930
347    0001    0.6735    147.712
347    0002    0.7044    147.426
347    0003    0.6860    152.852
347    0004    0.6718    160.645
347    0005    0.7140    160.126
347    0006    0.7553    150.040
347    0007    0.6714    146.437
347    0008    0.7145    157.935
347    0009    0.7603    152.840
347    0010    0.7129    158.382
347    0011    0.7125    146.725
347    0012    0.7726    147.985
347    0013    0.7697    151.738
347    0014    0.6752    155.928
347    0015    0.7638    153.103
347    0016    0.6931    158.408
347    0017    0.6659    157.392
347    0018    0.7516    146.889
347    0019    0.6536    158.911
347    0020    0.6616    151.815
347    0021    0.6351    153.249
347    0022    0.6138    150.736
347    0023    0.7691    159.389
347    0024    0.7412    157.644
347    0025    0.6247    157.088
347    0026    0.6451    151.512
347    0027    0.6187    146.142
347    0028    0.7559    152.187
347    0029    0.7241    154.321
347    0030    0.6328    160.936
347    0031    0.6938    150.388
347    0032    0.7192    157.846
347    0033    0.7348    158.889
347    0034    0.6352    148.171
347    0035    0.7226    155.884
347    0036    0.7242    154.671
347    0037    0.6891    146.643
347    0038    0.6482    151.136
347    0039    0.6907    154.647
347    0040    0.7354    150.375
347    0041    0.6315    156.759
347    0042    0.7596    154.369
347    0043    0.6660    148.821
347    0044    0.6579    150.493
347    0045    0.6803    155.079
347    0046    0.6712    159.444
347    0047    0.6831    156.212
347    0048    0.7519    152.900
347    0049    0.6900    147.677
390    0000    0.7198    153.751
390    0001    0.6912    154.179
390    0002    0.7111    147.642
390    0003    0.6795    151.375
390    0004    0.7350    156.630
390    0005    0.6639    154.934
390    0006    0.6677    146.772
390    0007    0.6848    156.428
390    0008    0.6394    157.742
390    0009    0.6272    152.903
390    0010    0.7305    148.852
390    0011    0.6426    146.142
390    0012    0.6870    152.932
390    0013    0.6785    152.818
390    0014    0.6795    152.129
390    0015    0.6188    151.698
390    0016    0.7001    151.751
390    0017    0.6977    155.726
390    0018    0.7277    154.968
390    0019    0.6205    149.102
390    0020    0.7546    149.605
390    0021    0.7046    156.889
390    0022    0.7472    146.147
390    0023    0.6882    148.886
390    0024    0.6880    146.612
390    0025    0.7107    153.171
390    0026    0.6806    161.039
390    0027    0.6962    154.660
390    0028    0.6181    149.125
390    0029    0.7099    160.250
390    0030    0.7758    157.198
390    0031    0.6486    156.298
390    0032    0.7065    154.620
390    0033    0.6780    160.014
390    0034    0.6692    147.694
390    0035    0.6743    150.545
390    0036    0.6272    159.232
390    0037    0.7202    152.828
390    0038    0.7265    159.917
390    0039    0.6995    158.027
390    0040    0.7683    158.571
390    0041    0.7420    151.498
390    0042    0.6821    153.640
390    0043    0.6375    151.654
390    0044    0.6766    156.724
390    0045    0.7173    151.507
390    0046    0.6968    154.250
390    0047    0.7727    151.768
390    0048    0.7625    151.032
390    0049    0.6516    147.388
434    0000    0.6522    159.885
434    0001    0.6397    153.754
434    0002    0.7732    156.361
434    0003    0.7682    160.173
434    0004    0.6947    153.944
434    0005    0.6554    150.085
434    0006    0.7726    150.275
434    0007    0.6520    160.970
434    0008    0.6226    146.526
434    0009    0.7714    154.168
434    0010    0.7508    158.472
434    0011    0.6704    156.595
434    0012    0.7364    153.628
434    0013    0.7238    149.090
434    0014    0.6499    151.862
434    0015    0.7068    157.493
434    0016    0.6623    150.670
434    0017    0.6353    150.984
434    0018    0.7017    152.699
434    0019    0.6633    153.941
434    0020    0.7711    147.719
434    0021    0.6123    160.700
434    0022    0.7692    156.886
434    0023    0.6475    160.583
434    0024    0.6296    149.583
434    0025    0.6543    158.245
434    0026    0.6465    159.718
434    0027    0.6486    148.791
434    0028    0.7507    155.150
434    0029    0.6359    154.855
434    0030    0.7211    152.416
434    0031    0.7166    160.392
434    0032    0.7327    160.929
434    0033    0.7654    155.709
434    0034    0.6961    160.290
434    0035    0.6948    146.160
434    0036    0.6536    154.877
434    0037    0.6385    153.990
434    0038    0.7004    157.797
434    0039    0.7040    160.521
434    0040    0.6842    151.180
434    0041    0.6654    151.863
434    0042    0.7340    148.581
434    0043    0.6557    157.721
434    0044    0.6323    153.282
434    0045    0.6506    160.810
434    0046    0.7173    159.363
434    0047    0.7161    153.905
434    0048    0.7780    148.591
434    0049    0.6576    153.545
477    0000    0.7382    158.764
477    0001    0.7090    159.884
477    0002    0.7631    160.082
477    0003    0.6624    146.543
477    0004    0.6222    156.956
477    0005    0.6534    148.710
477    0006    0.6417    151.690
477    0007    0.6872    153.852
477    0008    0.6722    160.199
477    0009    0.6570    147.219
477    0010    0.6981    157.355
477    0011    0.6456    160.990
477    0012    0.7065    146.931
477    0013    0.7085    159.149
477    0014    0.7293    159.848
477    0015    0.7648    157.029
477    0016    0.6305    148.879
477    0017    0.7153    157.644
477    0018    0.6761    154.376
477    0019    0.6455    156.314
477    0020    0.7309    154.141
477    0021    0.7224    153.663
477    0022    0.6756    151.929
477    0023    0.6807    155.622
477    0024    0.6378    159.088
477    0025    0.7534    158.129
477    0026    0.7173    153.115
477    0027    0.6523    152.031
477    0028    0.7669    149.379
477    0029    0.6732    156.040
477    0030    0.7513    159.058
477    0031    0.6191    149.044
477    0032    0.7414    152.451
477    0033    0.7224    150.786
477    0034    0.6702    148.537
477    0035    0.7435    155.807
477    0036    0.6196    158.593
477    0037    0.7015    156.431
477    0038    0.6600    148.162
477    0039    0.6284    153.676
477    0040    0.6564    156.385
477    0041    0.6988    160.830
477    0042    0.7107    160.897
477    0043    0.7734    150.795
477    0044    0.7078    147.636
477    0045    0.6819    159.738
477    0046    0.6199    146.580
477    0047    0.6207    160.408
477    0048    0.6160    160.346
477    0049    0.6448    157.911
520    0000    0.7406    160.763
520    0001    0.7625    156.285
520    0002    0.6748    148.671
520    0003    0.6885    160.950
520    0004    0.6753    157.580
520    0005    0.6724    154.531
520    0006    0.7006    154.176
520    0007    0.7568    156.952
520    0008    0.6291    156.709
520    0009    0.6482    154.768
520    0010    0.7307    158.696
520    0011    0.7155    154.953
520    0012    0.7749    158.539
520    0013    0.7025    149.147
520    0014    0.6161    154.642
520    0015    0.6237    154.305
520    0016    0.7186    157.761
520    0017    0.6451    152.561
520    0018    0.7168    160.222
520    0019    0.6189    157.022
520    0020    0.7266    152.955
520    0021    0.6663    152.095
520    0022    0.7258    151.653
520    0023    0.7776    159.012
520    0024    0.6263    152.008
520    0025    0.7242    159.607
520    0026    0.6389    159.502
520    0027    0.7042    158.862
520    0028    0.7073    152.650
520    0029    0.7727    154.870
520    0030    0.7767    153.185
520    0031    0.7445    159.403
520    0032    0.7559    150.959
520    0033    0.6932    157.083
520    0034    0.6498    154.623
520    0035    0.6580    154.536
520    0036    0.6327    152.220
520    0037    0.7466    151.045
520    0038    0.7389    160.785
520    0039    0.6193    150.070
520    0040    0.6204    157.804
520    0041    0.6398    153.131
520    0042    0.7222    147.469
520    0043    0.7646    155.854
520    0044    0.7235    152.257
520    0045    0.6597    156.415
520    0046    0.6584    157.288
520    0047    0.6694    158.521
520    0048    0.6931    150.876
520    0049    0.7640    158.759
564    0000    0.7758    153.632
564    0001    0.6480    155.903
564    0002    0.6517    160.324
564    0003    0.7090    151.007
564    0004    0.7647    160.111
564    0005    0.7697    154.821
564    0006    0.6723    154.030
564    0007    0.6233    153.978
564    0008    0.6215    159.783
564    0009    0.6276    154.113
564    0010    0.6139    158.610
564    0011    0.7036    155.298
564    0012    0.6211    160.134
564    0013    0.6307    154.691
564    0014    0.7658    146.357
564    0015    0.6398    150.627
564    0016    0.6332    155.473
564    0017    0.6318    146.658
564    0018    0.7175    151.713
564    0019    0.7667    150.839
564    0020    0.7615    153.472
564    0021    0.6768    150.383
564    0022    0.6214    153.027
564    0023    0.6158    156.492
564    0024    0.6518    150.633
564    0025    0.7726    152.105
564    0026    0.7204    156.261
564    0027    0.7418    156.946
564    0028    0.7729    156.032
564    0029    0.6657    155.268
564    0030    0.7744    157.087
564    0031    0.6380    153.658
564    0032    0.6745    151.956
564    0033    0.7536    149.625
564    0034    0.6346    146.289
564    0035    0.6733    146.803
564    0036    0.7324    157.159
564    0037    0.7160    157.860
564    0038    0.7037    158.427
564    0039    0.6600    152.159
564    0040    0.7369    151.132
564    0041    0.6522    158.570
564    0042    0.7284    160.219
564    0043    0.7345    155.978
564    0044    0.6712    152.590
564    0045    0.7721    153.628
564    0046    0.7666    151.829
564    0047    0.6947    151.342
564    0048    0.6836    157.947
564    0049    0.6386    146.950
607    0000    0.6350    155.713
607    0001    0.6189    148.477
607    0002    0.7180    151.891
607    0003    0.7483    151.832
607    0004    0.7616    149.754
607    0005    0.6577    156.346
607    0006    0.7580    153.174
607    0007    0.7132    154.850
607    0008    0.6403    160.364
607    0009    0.7599    155.512
607    0010    0.6667    151.755
607    0011    0.6387    154.688
607    0012    0.7574    146.374
607    0013    0.6443    149.341
607    0014    0.6387    147.755
607    0015    0.7266    149.174
607    0016    0.7769    155.362
607    0017    0.6142    156.866
607    0018    0.7414    160.559
607    0019    0.6125    154.707
607    0020    0.6991    147.686
607    0021    0.7139    154.601
607    0022    0.7049    151.013
607    0023    0.7592    151.617
607    0024    0.6733    159.576
607    0025    0.6172    147.343
607    0026    0.7335    154.610
607    0027    0.7547    147.317
607    0028    0.7696    150.953
607    0029    0.7128    153.854
607    0030    0.6473    157.657
607    0031    0.7767    150.332
607    0032    0.7305    151.122
607    0033    0.7471    155.991
607    0034    0.6588    156.966
607    0035    0.7419    152.367
607    0036    0.7364    151.598
607    0037    0.6772    148.270
607    0038    0.7344    156.583
607    0039    0.6452    147.571
607    0040    0.7232    159.816
607    0041    0.7749    151.239
607    0042    0.6731    151.637
607    0043    0.7157    151.150
607    0044    0.6822    153.852
607    0045    0.7101    155.188
607    0046    0.6131    153.174
607    0047    0.6361    161.024
607    0048    0.6530    155.504
607    0049    0.6556    155.508
651    0000    0.7106    158.175
651    0001    0.7748    156.635
651    0002    0.6577    153.127
651    0003    0.7603    158.406
651    0004    0.7319    151.858
651    0005    0.6730    160.329
651    0006    0.7516    151.105
651    0007    0.7085    152.383
651    0008    0.6931    149.449
651    0009    0.7329    156.872
651    0010    0.7183    157.797
651    0011    0.7001    153.963
651    0012    0.7185    152.871
651    0013    0.6782    150.269
651    0014    0.6987    149.420
651    0015    0.7420    150.078
651    0016    0.6909    155.091
651    0017    0.6456    146.587
651    0018    0.6627    150.997
651    0019    0.6760    160.521
651    0020    0.7628    146.874
651    0021    0.7309    147.642
651    0022    0.6937    146.292
651    0023    0.6621    150.191
651    0024    0.7082    152.709
651    0025    0.7591    151.697
651    0026    0.6483    155.759
651    0027    0.7611    151.091
651    0028    0.7660    153.534
651    0029    0.7728    149.387
651    0030    0.7724    159.695
651    0031    0.7355    149.535
651    0032    0.7085    154.656
651    0033    0.7232    146.668
651    0034    0.6244    149.420
651    0035    0.6279    154.707
651    0036    0.7665    158.065
651    0037    0.7645    160.576
651    0038    0.6617    153.958
651    0039    0.6197    156.210
651    0040    0.6431    154.142
651    0041    0.7041    158.597
651    0042    0.6977    146.867
651    0043    0.7223    149.620
651    0044    0.7698    153.457
651    0045    0.6664    157.012
651    0046    0.7651    148.498
651    0047    0.7350    147.635
651    0048    0.6679    149.469
651    0049    0.7613    149.095
