36  116  0000  1.9336  1.8932  39.033  31.883  -0.35168  -1.44012  0  43
36  116  0001  2.0601  1.8932  33.755  31.883  -0.35168  -1.44012  0  43
36  117  0002  2.0179  1.8932  38.009  31.883  -0.35168  -1.44012  0  43
36  115  0003  2.0638  1.8932  35.032  31.883  -0.35168  -1.44012  0  43
36  116  0004  1.9158  1.8932  40.228  31.883  -0.35168  -1.44012  0  43
36  116  0005  1.9863  1.8932  38.153  31.883  -0.35168  -1.44012  0  43
36  117  0006  1.9837  1.8932  45.427  31.883  -0.35168  -1.44012  0  43
36  119  0007  1.9104  1.8888  34.431  32.087  -0.34568  -1.44012  0  43
36  116  0008  1.9494  1.8932  42.940  31.883  -0.35168  -1.44012  0  43
36  115  0009  2.0034  1.8932  38.329  31.883  -0.35168  -1.44012  0  43
36  123  0010  2.0567  2.0492  39.271  40.209  -0.14768  -1.69212  0  43
36  116  0011  1.9870  1.8932  35.151  31.883  -0.35168  -1.44012  0  43
36  117  0012  2.0342  1.8932  37.997  31.883  -0.35168  -1.44012  0  43
36  115  0013  1.9988  1.8932  45.314  31.883  -0.35168  -1.44012  0  43
36  115  0014  2.0497  1.8932  34.509  31.883  -0.35168  -1.44012  0  43
36  115  0015  2.0657  1.8932  47.229  31.883  -0.35168  -1.44012  0  43
36  117  0016  2.0685  2.0581  43.664  42.342  -0.08768  -1.72812  0  43
36  115  0017  2.0171  1.8932  39.150  31.883  -0.35168  -1.44012  0  43
36  116  0018  2.0449  1.8932  47.137  31.883  -0.35168  -1.44012  0  43
36  116  0019  1.9757  1.8932  45.310  31.883  -0.35168  -1.44012  0  43
36  116  0020  1.9631  1.8932  47.289  31.883  -0.35168  -1.44012  0  43
36  116  0021  1.9648  1.8932  45.702  31.883  -0.35168  -1.44012  0  43
36  117  0022  1.9024  1.8352  44.038  46.454  0.02632  -1.58412  0  43
36  130  0023  2.0677  2.0527  40.496  40.430  -0.14168  -1.69812  0  43
36  116  0024  2.0536  1.8932  33.728  31.883  -0.35168  -1.44012  0  43
36  116  0025  2.0105  1.8932  37.233  31.883  -0.35168  -1.44012  0  43
36  117  0026  2.0289  1.8932  33.978  31.883  -0.35168  -1.44012  0  43
36  116  0027  1.9230  1.8932  41.483  31.883  -0.35168  -1.44012  0  43
36  116  0028  2.0728  1.8932  33.223  31.883  -0.35168  -1.44012  0  43
36  117  0029  1.9318  1.8932  34.370  31.883  -0.35168  -1.44012  0  43
36  115  0030  1.9688  1.8932  34.273  31.883  -0.35168  -1.44012  0  43
36  116  0031  2.0516  1.8932  33.324  31.883  -0.35168  -1.44012  0  43
36  124  0032  2.0257  2.0458  39.877  40.413  -0.14168  -1.69212  0  43
36  115  0033  1.9211  1.8932  42.124  31.883  -0.35168  -1.44012  0  43
36  115  0034  1.9804  1.8932  42.688  31.883  -0.35168  -1.44012  0  43
36  117  0035  2.0052  1.8932  33.760  31.883  -0.35168  -1.44012  0  43
36  115  0036  1.9225  1.8932  36.665  31.883  -0.35168  -1.44012  0  43
36  121  0037  2.0609  2.0492  39.073  40.209  -0.14768  -1.69212  0  43
36  119  0038  2.0379  2.0581  43.844  42.342  -0.08768  -1.72812  0  43
36  115  0039  1.9891  1.8932  46.397  31.883  -0.35168  -1.44012  0  43
36  116  0040  1.9586  1.8932  43.983  31.883  -0.35168  -1.44012  0  43
36  116  0041  2.0149  1.8932  39.343  31.883  -0.35168  -1.44012  0  43
36  116  0042  1.9593  1.8932  36.440  31.883  -0.35168  -1.44012  0  43
36  116  0043  1.9446  1.8932  47.495  31.883  -0.35168  -1.44012  0  43
36  116  0044  2.0136  1.8932  43.880  31.883  -0.35168  -1.44012  0  43
36  115  0045  1.9053  1.8932  47.373  31.883  -0.35168  -1.44012  0  43
36  115  0046  2.0395  1.8932  34.828  31.883  -0.35168  -1.44012  0  43
36  120  0047  1.9007  1.8352  44.486  46.454  0.02632  -1.58412  0  43
36  115  0048  2.0654  1.8932  34.333  31.883  -0.35168  -1.44012  0  43
36  116  0049  1.9983  1.8932  34.144  31.883  -0.35168  -1.44012  0  43
72  115  0000  1.9593  1.8932  39.843  31.883  -0.35168  -1.44012  0  43
72  116  0001  1.9576  1.8932  42.739  31.883  -0.35168  -1.44012  0  43
72  123  0002  2.0134  2.0257  35.289  34.749  -0.29768  -1.59012  0  43
72  129  0003  1.9055  1.8448  44.436  46.214  0.02032  -1.59012  0  43
72  115  0004  1.9334  1.8932  47.218  31.883  -0.35168  -1.44012  0  43
72  130  0005  2.0184  2.0299  34.803  34.554  -0.30368  -1.59012  0  43
72  158  0006  2.0338  2.0460  41.371  40.838  -0.12968  -1.69812  0  43
72  115  0007  1.9639  1.8932  38.395  31.883  -0.35168  -1.44012  0  43
72  168  0008  2.0479  2.0575  42.083  41.919  -0.09968  -1.72212  0  43
72  173  0009  1.9082  1.8956  32.621  32.136  -0.34568  -1.44612  0  43
72  115  0010  2.0536  1.8932  35.593  31.883  -0.35168  -1.44012  0  43
72  115  0011  1.9507  1.8932  40.701  31.883  -0.35168  -1.44012  0  43
72  145  0012  2.0072  2.0424  41.501  40.617  -0.13568  -1.69212  0  43
72  135  0013  2.0396  2.0313  34.225  34.127  -0.31568  -1.58412  0  43
72  116  0014  1.9208  1.8932  40.282  31.883  -0.35168  -1.44012  0  43
72  135  0015  2.0278  2.0313  34.374  34.127  -0.31568  -1.58412  0  43
72  140  0016  2.0024  2.0390  41.718  40.822  -0.12968  -1.69212  0  43
72  116  0017  2.0328  1.8932  45.348  31.883  -0.35168  -1.44012  0  43
72  125  0018  2.0411  2.0371  33.027  33.509  -0.33368  -1.57812  0  43
72  116  0019  1.9410  1.8932  40.043  31.883  -0.35168  -1.44012  0  43
72  116  0020  1.9447  1.8932  45.914  31.883  -0.35168  -1.44012  0  43
72  115  0021  1.9202  1.8932  47.512  31.883  -0.35168  -1.44012  0  43
72  128  0022  2.0085  2.0230  34.844  34.516  -0.30368  -1.58412  0  43
72  122  0023  1.9291  1.8888  34.044  32.087  -0.34568  -1.44012  0  43
72  164  0024  2.0557  2.0562  39.948  40.227  -0.14768  -1.69812  0  43
72  115  0025  2.0498  1.8932  38.309  31.883  -0.35168  -1.44012  0  43
72  124  0026  2.0541  2.0526  38.504  40.006  -0.15368  -1.69212  0  43
72  116  0027  1.9637  1.8932  35.069  31.883  -0.35168  -1.44012  0  43
72  116  0028  1.9712  1.8932  45.120  31.883  -0.35168  -1.44012  0  43
72  153  0029  2.0245  2.0511  43.019  42.331  -0.08768  -1.72212  0  43
72  124  0030  2.0291  2.0371  33.145  33.509  -0.33368  -1.57812  0  43
72  135  0031  1.8990  1.8448  44.703  46.214  0.02032  -1.59012  0  43
72  141  0032  1.9100  1.8806  36.468  37.188  -0.21368  -1.51212  0  43
72  117  0033  1.9817  1.8932  35.983  31.883  -0.35168  -1.44012  0  43
72  122  0034  1.9079  1.8725  38.729  38.086  -0.18968  -1.51812  0  43
72  134  0035  2.0240  2.0271  34.583  34.321  -0.30968  -1.58412  0  43
72  118  0036  1.9349  1.8352  44.764  46.454  0.02632  -1.58412  0  43
72  136  0037  2.0241  2.0313  34.239  34.127  -0.31568  -1.58412  0  43
72  116  0038  1.9298  1.8932  43.511  31.883  -0.35168  -1.44012  0  43
72  116  0039  2.0174  1.8932  45.993  31.883  -0.35168  -1.44012  0  43
72  159  0040  1.9100  1.8956  33.049  32.136  -0.34568  -1.44612  0  43
72  121  0041  1.9288  1.9059  42.973  43.006  -0.06368  -1.60812  0  43
72  115  0042  1.9708  1.8932  34.329  31.883  -0.35168  -1.44012  0  43
72  116  0043  2.0358  2.0326  35.370  34.785  -0.29768  -1.59612  0  43
72  131  0044  1.9025  1.8901  35.259  35.838  -0.24968  -1.50012  0  43
72  116  0045  1.9790  1.8932  42.485  31.883  -0.35168  -1.44012  0  43
72  118  0046  1.9343  1.9059  42.786  43.006  -0.06368  -1.60812  0  43
72  164  0047  2.0464  2.0530  41.107  40.854  -0.12968  -1.70412  0  43
72  115  0048  2.0092  1.8932  47.160  31.883  -0.35168  -1.44012  0  43
72  116  0049  2.0170  1.8932  46.125  31.883  -0.35168  -1.44012  0  43
108  115  0000  1.9321  1.8932  39.045  31.883  -0.35168  -1.44012  0  43
108  120  0001  2.0724  2.0395  34.976  34.822  -0.29768  -1.60212  0  43
108  166  0002  1.9028  1.8762  38.105  37.868  -0.19568  -1.51812  0  43
108  116  0003  2.0731  1.8932  36.078  31.883  -0.35168  -1.44012  0  43
108  116  0004  1.9680  1.8932  46.021  31.883  -0.35168  -1.44012  0  43
108  115  0005  1.9308  1.8932  38.954  31.883  -0.35168  -1.44012  0  43
108  133  0006  1.9809  2.0053  37.590  37.703  -0.21368  -1.62012  0  43
108  116  0007  1.9610  1.8932  41.113  31.883  -0.35168  -1.44012  0  43
108  162  0008  2.0256  2.0229  37.607  37.554  -0.21968  -1.63212  0  43
108  132  0009  2.0470  2.0305  36.365  37.153  -0.23168  -1.63212  0  43
108  159  0010  1.9033  1.9028  43.626  43.230  -0.05768  -1.60812  0  43
108  162  0011  1.9173  1.8844  36.347  36.972  -0.21968  -1.51212  0  43
108  124  0012  1.9472  1.8806  36.294  37.188  -0.21368  -1.51212  0  43
108  116  0013  2.0004  2.0152  45.393  44.857  -0.01568  -1.72212  0  43
108  126  0014  2.0381  2.0302  46.537  46.994  0.04432  -1.75812  0  43
108  168  0015  2.0471  2.0355  33.843  33.934  -0.32168  -1.58412  0  43
108  200  0016  2.0463  2.0492  40.106  40.209  -0.14768  -1.69212  0  43
108  149  0017  1.9139  1.9083  41.752  42.327  -0.08168  -1.60212  0  43
108  115  0018  1.9597  1.8932  45.153  31.883  -0.35168  -1.44012  0  43
108  159  0019  2.0179  2.0387  43.930  43.163  -0.06368  -1.72212  0  43
108  137  0020  1.9396  1.9129  42.947  43.015  -0.06368  -1.61412  0  43
108  115  0021  1.9561  1.8932  41.081  31.883  -0.35168  -1.44012  0  43
108  116  0022  1.9841  1.8888  33.176  32.087  -0.34568  -1.44012  0  43
108  121  0023  1.9935  2.0128  36.738  37.297  -0.22568  -1.62012  0  43
108  138  0024  1.9296  1.8762  37.608  37.868  -0.19568  -1.51812  0  43
108  123  0025  2.0375  2.0273  35.953  35.409  -0.27968  -1.60212  0  43
108  142  0026  1.9415  1.9024  33.170  32.184  -0.34568  -1.45212  0  43
108  128  0027  2.0085  2.0422  39.137  40.191  -0.14768  -1.68612  0  43
108  120  0028  1.9777  2.0511  43.766  42.331  -0.08768  -1.72212  0  43
108  197  0029  2.0480  2.0530  41.179  40.854  -0.12968  -1.70412  0  43
108  160  0030  2.0483  2.0440  33.124  33.549  -0.33368  -1.58412  0  43
108  117  0031  2.0680  1.8932  44.777  31.883  -0.35168  -1.44012  0  43
108  146  0032  1.9162  1.9028  43.744  43.230  -0.05768  -1.60812  0  43
108  198  0033  2.0553  2.0492  39.855  40.209  -0.14768  -1.69212  0  43
108  119  0034  1.9097  1.8688  47.346  48.523  0.08032  -1.63212  0  43
108  153  0035  1.9979  2.0230  34.840  34.516  -0.30368  -1.58412  0  43
108  141  0036  1.9541  1.9024  32.769  32.184  -0.34568  -1.45212  0  43
108  146  0037  1.9236  1.8980  33.571  32.387  -0.33968  -1.45212  0  43
108  114  0038  1.9466  1.8762  37.757  37.868  -0.19568  -1.51812  0  43
108  117  0039  1.9660  1.8932  42.429  31.883  -0.35168  -1.44012  0  43
108  120  0040  1.9734  1.8888  32.983  32.087  -0.34568  -1.44012  0  43
108  156  0041  2.0600  2.0557  43.969  42.971  -0.06968  -1.73412  0  43
108  116  0042  1.9409  1.8352  44.000  46.454  0.02632  -1.58412  0  43
108  125  0043  1.9752  2.0176  34.384  34.049  -0.31568  -1.57212  0  43
108  138  0044  1.9178  1.8998  44.010  43.454  -0.05168  -1.60812  0  43
108  172  0045  2.0472  2.0557  43.761  42.971  -0.06968  -1.73412  0  43
108  137  0046  2.0679  2.0714  37.852  37.740  -0.21968  -1.67412  0  43
108  159  0047  2.0569  2.0440  33.059  33.549  -0.33368  -1.58412  0  43
108  121  0048  1.9604  1.9763  47.500  47.476  0.05632  -1.71612  0  43
108  118  0049  1.9518  1.8799  36.821  37.650  -0.20168  -1.51812  0  43
143  172  0000  1.9009  1.8790  38.871  38.576  -0.17768  -1.53012  0  43
143  200  0001  2.0523  2.0397  33.665  33.741  -0.32768  -1.58412  0  43
143  171  0002  2.0646  2.0640  38.280  38.135  -0.20768  -1.67412  0  43
143  120  0003  1.9521  1.8956  33.731  32.136  -0.34568  -1.44612  0  43
143  170  0004  1.9423  1.9191  42.441  42.570  -0.07568  -1.61412  0  43
143  151  0005  1.9143  1.8545  44.897  45.976  0.01432  -1.59612  0  43
143  172  0006  2.0052  2.0067  47.379  47.229  0.05032  -1.74012  0  43
143  160  0007  2.0425  2.0407  44.730  44.015  -0.03968  -1.73412  0  43
143  191  0008  2.0209  2.0357  43.967  43.373  -0.05768  -1.72212  0  43
143  135  0009  1.9910  2.0353  39.623  40.173  -0.14768  -1.68012  0  43
143  212  0010  2.0132  2.0390  41.261  40.822  -0.12968  -1.69212  0  43
143  161  0011  1.9885  1.9908  46.549  46.808  0.03832  -1.72212  0  43
143  147  0012  2.0173  2.0193  45.473  45.072  -0.00968  -1.72812  0  43
143  182  0013  2.0185  2.0245  35.609  35.177  -0.28568  -1.59612  0  43
143  115  0014  1.9419  1.8794  38.333  38.113  -0.18968  -1.52412  0  43
143  194  0015  2.0374  2.0492  39.223  39.784  -0.15968  -1.68612  0  43
143  159  0016  1.9092  1.8588  45.574  46.208  0.02032  -1.60212  0  43
143  159  0017  2.0329  2.0279  44.910  44.433  -0.02768  -1.72812  0  43
143  138  0018  1.9768  2.0107  36.143  35.106  -0.28568  -1.58412  0  43
143  154  0019  1.9348  1.9146  41.092  41.884  -0.09368  -1.60212  0  43
143  139  0020  1.9940  2.0234  33.027  33.427  -0.33368  -1.56612  0  43
143  124  0021  1.9364  1.8422  45.092  46.450  0.02632  -1.59012  0  43
143  210  0022  2.0386  2.0457  39.482  39.987  -0.15368  -1.68612  0  43
143  154  0023  2.0077  2.0004  46.091  46.585  0.03232  -1.72812  0  43
143  218  0024  2.0298  2.0463  41.704  41.263  -0.11768  -1.70412  0  43
143  143  0025  1.9194  1.8518  45.200  46.211  0.02032  -1.59612  0  43
143  187  0026  2.0594  2.0525  32.826  33.168  -0.34568  -1.58412  0  43
143  124  0027  1.9739  2.0095  36.494  35.538  -0.27368  -1.59012  0  43
143  145  0028  1.9020  1.8926  40.299  40.466  -0.12968  -1.56612  0  43
143  115  0029  1.9288  1.8932  39.018  31.883  -0.35168  -1.44012  0  43
143  171  0030  2.0615  2.0436  34.806  34.628  -0.30368  -1.60212  0  43
143  176  0031  1.9206  1.9021  34.681  35.206  -0.26768  -1.50012  0  43
143  181  0032  2.0070  2.0418  43.676  42.954  -0.06968  -1.72212  0  43
143  167  0033  1.9867  2.0148  35.419  34.909  -0.29168  -1.58412  0  43
143  232  0034  2.0500  2.0550  42.915  42.548  -0.08168  -1.72812  0  43
143  215  0035  2.0241  2.0422  40.046  40.191  -0.14768  -1.68612  0  43
143  164  0036  1.9294  1.9062  34.421  34.997  -0.27368  -1.50012  0  43
143  128  0037  2.0409  2.0291  45.377  44.861  -0.01568  -1.73412  0  43
143  136  0038  1.9759  2.0150  33.836  33.815  -0.32168  -1.56612  0  43
143  168  0039  1.8995  1.8562  46.247  46.442  0.02632  -1.60212  0  43
143  133  0040  1.9776  2.0150  33.609  33.815  -0.32168  -1.56612  0  43
143  236  0041  2.0632  2.0562  40.114  40.227  -0.14768  -1.69812  0  43
143  167  0042  2.0183  2.0137  47.419  47.223  0.05032  -1.74612  0  43
143  189  0043  2.0012  2.0122  37.713  37.730  -0.21368  -1.62612  0  43
143  190  0044  2.0583  2.0526  38.817  39.582  -0.16568  -1.68612  0  43
143  221  0045  1.9143  1.9024  32.774  32.184  -0.34568  -1.45212  0  43
143  119  0046  1.9735  1.9974  39.773  38.547  -0.18968  -1.62612  0  43
143  223  0047  2.0284  2.0427  41.345  41.043  -0.12368  -1.69812  0  43
143  234  0048  2.0609  2.0530  40.808  40.854  -0.12968  -1.70412  0  43
143  185  0049  1.9995  2.0203  34.303  34.283  -0.30968  -1.57812  0  43
179  202  0000  1.9889  1.9883  46.842  47.028  0.04432  -1.72212  0  43
179  161  0001  1.9394  1.8869  37.400  37.679  -0.20168  -1.52412  0  43
179  153  0002  1.9815  2.0365  42.742  41.883  -0.09968  -1.70412  0  43
179  212  0003  2.0311  2.0422  39.175  39.765  -0.15968  -1.68012  0  43
179  166  0004  1.9669  1.9983  35.086  34.600  -0.29768  -1.56612  0  43
179  208  0005  1.9268  1.9050  35.129  35.452  -0.26168  -1.50612  0  43
179  253  0006  2.0742  2.0596  39.517  40.024  -0.15368  -1.69812  0  43
179  195  0007  2.0003  2.0257  43.990  43.576  -0.05168  -1.71612  0  43
179  181  0008  1.9937  2.0403  42.748  42.102  -0.09368  -1.71012  0  43
179  162  0009  1.9384  1.9244  40.568  41.225  -0.11168  -1.60212  0  43
179  216  0010  1.9973  2.0120  35.006  34.675  -0.29768  -1.57812  0  43
179  146  0011  1.9406  1.9273  39.811  40.104  -0.14168  -1.59012  0  43
179  229  0012  1.9071  1.9051  42.390  42.550  -0.07568  -1.60212  0  43
179  187  0013  1.9943  2.0139  44.698  44.426  -0.02768  -1.71612  0  43
179  212  0014  1.9236  1.9050  35.099  35.452  -0.26168  -1.50612  0  43
179  218  0015  2.0239  2.0387  39.459  39.969  -0.15368  -1.68012  0  43
179  205  0016  2.0137  2.0204  35.845  35.374  -0.27968  -1.59612  0  43
179  194  0017  1.9183  1.9073  33.503  32.684  -0.33368  -1.46412  0  43
179  116  0018  1.9357  1.8932  46.572  31.883  -0.35168  -1.44012  0  43
179  125  0019  1.9840  1.8956  32.659  32.136  -0.34568  -1.44612  0  43
179  187  0020  1.9349  1.8990  36.300  36.576  -0.23168  -1.51812  0  43
179  210  0021  1.9902  1.9927  47.284  47.242  0.05032  -1.72812  0  43
179  224  0022  2.0651  2.0466  33.629  33.781  -0.32768  -1.59012  0  43
179  218  0023  2.0702  2.0667  38.702  39.200  -0.17768  -1.69212  0  43
179  118  0024  1.9505  1.8352  44.302  46.454  0.02632  -1.58412  0  43
179  189  0025  2.0631  2.0564  46.250  46.553  0.03232  -1.77612  0  43
179  212  0026  2.0377  2.0305  36.717  37.153  -0.23168  -1.63212  0  43
179  262  0027  2.0387  2.0505  41.894  41.907  -0.09968  -1.71612  0  43
179  263  0028  2.0664  2.0619  42.817  42.558  -0.08168  -1.73412  0  43
179  155  0029  2.0757  2.0660  45.512  46.338  0.02632  -1.78212  0  43
179  125  0030  1.9322  1.9508  47.283  47.281  0.05032  -1.69212  0  43
179  145  0031  1.9578  2.0010  35.541  34.836  -0.29168  -1.57212  0  43
179  210  0032  1.9214  1.9021  34.792  35.206  -0.26768  -1.50012  0  43
179  191  0033  2.0302  2.0258  46.401  46.784  0.03832  -1.75212  0  43
179  143  0034  1.9164  1.8809  46.690  47.350  0.05032  -1.63212  0  43
179  182  0035  1.9553  1.9292  41.941  42.361  -0.08168  -1.62012  0  43
179  166  0036  1.9831  2.0098  44.460  44.209  -0.03368  -1.71012  0  43
179  157  0037  1.9113  1.8720  46.521  46.896  0.03832  -1.62012  0  43
179  136  0038  2.0763  2.0411  35.463  35.477  -0.27968  -1.61412  0  43
179  187  0039  2.0506  2.0343  36.255  36.953  -0.23768  -1.63212  0  43
179  118  0040  1.9564  1.8352  44.056  46.454  0.02632  -1.58412  0  43
179  249  0041  2.0324  2.0422  39.842  40.191  -0.14768  -1.68612  0  43
179  239  0042  1.9037  1.8882  36.583  36.758  -0.22568  -1.51212  0  43
179  259  0043  2.0343  2.0480  42.795  42.538  -0.08168  -1.72212  0  43
179  258  0044  1.9015  1.8980  32.942  32.387  -0.33968  -1.45212  0  43
179  159  0045  1.9170  1.8685  45.412  45.972  0.01432  -1.60812  0  43
179  204  0046  2.0479  2.0436  44.390  43.805  -0.04568  -1.73412  0  43
179  181  0047  1.9985  2.0105  36.569  36.635  -0.24368  -1.60812  0  43
179  137  0048  1.9485  1.9168  43.748  43.246  -0.05768  -1.62012  0  43
179  194  0049  2.0236  2.0222  36.082  36.035  -0.26168  -1.60812  0  43
215  222  0000  1.9165  1.9038  44.075  43.686  -0.04568  -1.61412  0  43
215  238  0001  1.9124  1.8901  37.956  37.923  -0.19568  -1.53012  0  43
215  244  0002  1.9951  2.0090  37.427  37.500  -0.21968  -1.62012  0  43
215  161  0003  1.9790  2.0340  43.158  42.518  -0.08168  -1.71012  0  43
215  199  0004  1.9480  1.9241  34.456  34.866  -0.27968  -1.51212  0  43
215  184  0005  1.9628  1.9914  37.713  37.649  -0.21368  -1.60812  0  43
215  209  0006  1.9034  1.8925  39.450  39.546  -0.15368  -1.55412  0  43
215  237  0007  2.0063  2.0379  43.067  42.737  -0.07568  -1.71612  0  43
215  265  0008  2.0119  2.0122  37.784  37.730  -0.21368  -1.62612  0  43
215  181  0009  1.9410  1.9308  39.750  39.888  -0.14768  -1.59012  0  43
215  194  0010  1.9233  1.9169  39.661  39.848  -0.14768  -1.57812  0  43
215  226  0011  1.9481  1.9292  42.046  42.361  -0.08168  -1.62012  0  43
215  180  0012  1.9564  1.9392  34.131  34.494  -0.29168  -1.51812  0  43
215  184  0013  1.9796  2.0036  36.794  36.604  -0.24368  -1.60212  0  43
215  221  0014  1.9184  1.9054  33.509  33.138  -0.32168  -1.47012  0  43
215  229  0015  1.9458  1.9261  42.369  42.581  -0.07568  -1.62012  0  43
215  283  0016  2.0184  2.0318  40.466  40.378  -0.14168  -1.68012  0  43
215  144  0017  1.9332  1.9419  46.744  46.843  0.03832  -1.68012  0  43
215  275  0018  2.0162  2.0318  40.306  40.378  -0.14168  -1.68012  0  43
215  292  0019  1.9106  1.8980  32.678  32.387  -0.33968  -1.45212  0  43
215  163  0020  1.9640  1.9369  42.925  42.821  -0.06968  -1.63212  0  43
215  231  0021  1.9262  1.9098  43.537  43.238  -0.05768  -1.61412  0  43
215  267  0022  2.0271  2.0229  37.532  37.554  -0.21968  -1.63212  0  43
215  256  0023  2.0081  2.0218  33.832  33.855  -0.32168  -1.57212  0  43
215  262  0024  2.0288  2.0261  37.984  37.782  -0.21368  -1.63812  0  43
215  265  0025  1.9012  1.9028  43.518  43.230  -0.05768  -1.60812  0  43
215  260  0026  2.0224  2.0326  43.916  43.583  -0.05168  -1.72212  0  43
215  169  0027  1.9785  2.0221  42.557  41.428  -0.11168  -1.68612  0  43
215  303  0028  2.0628  2.0619  42.681  42.558  -0.08168  -1.73412  0  43
215  190  0029  1.9482  1.9253  33.036  32.575  -0.33968  -1.47612  0  43
215  231  0030  1.9800  1.9978  38.483  38.111  -0.20168  -1.62012  0  43
215  238  0031  2.0203  2.0233  35.814  35.606  -0.27368  -1.60212  0  43
215  172  0032  1.9576  1.9484  40.323  40.608  -0.12968  -1.61412  0  43
215  236  0033  2.0206  2.0352  39.377  39.745  -0.15968  -1.67412  0  44
215  234  0034  2.0066  2.0234  33.287  33.427  -0.33368  -1.56612  0  43
215  249  0035  2.0020  2.0090  37.278  37.500  -0.21968  -1.62012  0  43
215  137  0036  1.9585  1.9959  37.033  37.009  -0.23168  -1.60212  0  43
215  240  0037  1.9901  2.0051  34.834  34.638  -0.29768  -1.57212  0  43
215  199  0038  1.9791  2.0148  41.648  40.983  -0.12368  -1.67412  0  43
215  199  0039  1.9489  1.9269  34.726  35.110  -0.27368  -1.51812  0  43
215  239  0040  2.0210  2.0209  44.648  44.430  -0.02768  -1.72212  0  43
215  247  0041  1.9133  1.9021  34.738  35.206  -0.26768  -1.50012  0  43
215  235  0042  2.0114  2.0135  36.685  36.866  -0.23768  -1.61412  0  43
215  237  0043  2.0314  2.0302  46.969  46.994  0.04432  -1.75812  0  43
215  270  0044  1.9040  1.8989  42.924  42.997  -0.06368  -1.60212  0  43
215  169  0045  1.9567  1.9365  33.705  34.251  -0.29768  -1.51212  0  43
215  230  0046  2.0138  2.0048  46.415  46.798  0.03832  -1.73412  0  43
215  240  0047  2.0446  2.0305  36.656  37.153  -0.23168  -1.63212  0  43
215  190  0048  2.0621  2.0520  45.614  46.344  0.02632  -1.77012  0  43
215  121  0049  1.9494  1.8448  44.350  46.214  0.02032  -1.59012  0  43
251  229  0000  1.9868  2.0057  44.134  43.990  -0.03968  -1.70412  0  43
251  299  0001  1.9182  1.9090  42.649  42.783  -0.06968  -1.60812  0  43
251  306  0002  2.0726  2.0666  39.137  39.621  -0.16568  -1.69812  0  44
251  203  0003  1.9152  1.8955  46.443  46.649  0.03232  -1.63812  0  43
251  218  0004  1.9537  1.9366  35.302  35.389  -0.26768  -1.53012  0  43
251  280  0005  1.9144  1.8906  37.294  37.463  -0.20768  -1.52412  0  43
251  229  0006  1.9582  1.9699  46.738  46.823  0.03832  -1.70412  0  43
251  208  0007  1.9460  1.9285  33.371  33.517  -0.31568  -1.49412  0  44
251  216  0008  1.9426  1.9090  36.543  36.852  -0.22568  -1.53012  0  43
251  234  0009  2.0323  2.0278  45.518  45.501  0.00232  -1.74012  0  43
251  198  0010  1.9701  1.9959  37.009  37.009  -0.23168  -1.60212  0  43
251  318  0011  2.0641  2.0557  43.160  42.971  -0.06968  -1.73412  0  43
251  300  0012  2.0135  2.0249  40.237  40.361  -0.14168  -1.67412  0  44
251  201  0013  1.9789  2.0049  42.412  41.610  -0.10568  -1.67412  0  43
251  258  0014  1.9057  1.9039  41.266  41.636  -0.09968  -1.59012  0  43
251  245  0015  1.9728  1.9905  38.944  38.523  -0.18968  -1.62012  0  43
251  216  0016  1.9516  1.9660  38.728  38.658  -0.18368  -1.60212  0  43
251  272  0017  2.0171  2.0093  46.800  47.011  0.04432  -1.74012  0  43
251  270  0018  1.9133  1.8901  37.849  37.923  -0.19568  -1.53012  0  43
251  300  0019  2.0539  2.0482  33.178  33.358  -0.33968  -1.58412  0  43
251  248  0020  1.9997  2.0264  42.545  42.079  -0.09368  -1.69812  0  43
251  258  0021  2.0174  2.0252  32.816  33.000  -0.34568  -1.56012  0  43
251  242  0022  1.9041  1.8809  45.288  45.507  0.00232  -1.61412  0  43
251  292  0023  2.0251  2.0197  37.039  37.325  -0.22568  -1.62612  0  43
251  294  0024  2.0587  2.0525  32.961  33.168  -0.34568  -1.58412  0  43
251  254  0025  2.0679  2.0505  34.744  34.664  -0.30368  -1.60812  0  43
251  253  0026  2.0731  2.0546  34.507  34.471  -0.30968  -1.60812  0  43
251  241  0027  1.9123  1.9030  40.119  40.265  -0.13568  -1.57212  0  43
251  278  0028  1.9873  1.9927  47.223  47.242  0.05032  -1.72812  0  43
251  283  0029  2.0414  2.0362  38.176  38.035  -0.20768  -1.65012  0  44
251  259  0030  1.9181  1.8901  37.782  37.923  -0.19568  -1.53012  0  43
251  280  0031  2.0086  2.0192  33.509  33.620  -0.32768  -1.56612  0  43
251  245  0032  2.0605  2.0590  45.984  46.341  0.02632  -1.77612  0  43
251  217  0033  1.9138  1.8836  45.027  45.277  -0.00368  -1.61412  0  43
251  178  0034  1.9619  1.9830  44.563  44.629  -0.02168  -1.69212  0  43
251  257  0035  1.8978  1.8711  45.483  45.739  0.00832  -1.60812  0  43
251  298  0036  2.0360  2.0396  43.962  43.589  -0.05168  -1.72812  0  43
251  273  0037  1.9917  2.0048  38.610  38.137  -0.20168  -1.62612  0  43
251  344  0038  2.0563  2.0563  40.642  40.650  -0.13568  -1.70412  0  44
251  215  0039  1.9545  1.9658  39.440  39.101  -0.17168  -1.60812  0  43
251  289  0040  2.0090  2.0324  41.678  41.235  -0.11768  -1.69212  0  44
251  265  0041  1.9970  2.0184  41.732  41.206  -0.11768  -1.68012  0  44
251  336  0042  2.0419  2.0480  42.648  42.538  -0.08168  -1.72212  0  44
251  238  0043  1.9144  1.8929  38.660  38.627  -0.17768  -1.54212  0  43
251  272  0044  1.9805  1.9858  47.096  47.248  0.05032  -1.72212  0  43
251  289  0045  2.0456  2.0436  44.085  43.805  -0.04568  -1.73412  0  43
251  214  0046  1.9397  1.9378  39.297  39.459  -0.15968  -1.59012  0  43
251  227  0047  1.9343  1.9138  43.794  43.469  -0.05168  -1.62012  0  43
251  275  0048  2.0004  2.0023  46.862  47.017  0.04432  -1.73412  0  43
251  306  0049  2.0253  2.0387  39.867  39.969  -0.15368  -1.68012  0  44
287  316  0000  2.0635  2.0519  34.290  34.242  -0.31568  -1.60212  0  43
287  326  0001  2.0411  2.0389  32.951  33.084  -0.34568  -1.57212  0  44
287  231  0002  1.9507  1.9308  43.431  43.261  -0.05768  -1.63212  0  43
287  302  0003  2.0433  2.0372  46.767  46.989  0.04432  -1.76412  0  43
287  310  0004  2.0122  2.0234  33.268  33.427  -0.33368  -1.56612  0  44
287  307  0005  2.0708  2.0613  37.208  37.490  -0.22568  -1.66212  0  44
287  310  0006  2.0102  2.0317  43.446  43.155  -0.06368  -1.71612  0  44
287  241  0007  1.9112  1.8904  46.706  47.111  0.04432  -1.63812  0  44
287  368  0008  2.0710  2.0673  41.155  41.306  -0.11768  -1.72212  0  44
287  322  0009  2.0019  2.0148  35.078  34.909  -0.29168  -1.58412  0  43
287  247  0010  1.9746  1.9831  39.742  39.376  -0.16568  -1.62612  0  44
287  316  0011  1.9897  1.9927  47.248  47.242  0.05032  -1.72812  0  43
287  267  0012  1.9502  1.9351  41.040  41.473  -0.10568  -1.61412  0  44
287  266  0013  2.0609  2.0411  35.435  35.477  -0.27968  -1.61412  0  43
287  360  0014  2.0227  2.0354  40.883  40.601  -0.13568  -1.68612  0  44
287  255  0015  1.9747  1.9902  33.831  33.890  -0.31568  -1.54812  0  44
287  230  0016  1.9857  2.0130  42.899  42.488  -0.08168  -1.69212  0  44
287  331  0017  2.0060  2.0161  34.641  34.479  -0.30368  -1.57812  0  43
287  251  0018  1.9117  1.8906  45.162  45.278  -0.00368  -1.62012  0  43
287  315  0019  2.0638  2.0669  38.641  38.779  -0.18968  -1.68612  0  44
287  336  0020  2.0134  2.0189  34.896  34.712  -0.29768  -1.58412  0  43
287  356  0021  2.0322  2.0449  42.975  42.746  -0.07568  -1.72212  0  44
287  286  0022  1.9083  1.8929  38.579  38.627  -0.17768  -1.54212  0  44
287  308  0023  2.0692  2.0519  34.181  34.242  -0.31568  -1.60212  0  43
287  257  0024  1.9914  2.0117  43.626  43.564  -0.05168  -1.70412  0  43
287  269  0025  1.9732  1.9869  39.224  38.730  -0.18368  -1.62012  0  44
287  287  0026  2.0171  2.0216  39.093  38.845  -0.18368  -1.65012  0  44
287  299  0027  2.0334  2.0355  38.868  38.890  -0.18368  -1.66212  0  44
287  251  0028  1.9486  1.9346  32.989  32.867  -0.33368  -1.48812  0  44
287  327  0029  1.9106  1.9028  43.453  43.230  -0.05768  -1.60812  0  44
287  293  0030  1.9882  1.9974  38.910  38.547  -0.18968  -1.62612  0  44
287  232  0031  1.9478  1.9237  36.304  36.463  -0.23768  -1.53612  0  44
287  242  0032  1.9541  1.9482  40.082  40.161  -0.14168  -1.60812  0  44
287  284  0033  2.0144  2.0084  45.824  45.933  0.01432  -1.72812  0  44
287  321  0034  1.9149  1.9114  41.856  42.105  -0.08768  -1.60212  0  44
287  239  0035  1.9682  1.9872  44.912  44.849  -0.01568  -1.69812  0  43
287  276  0036  1.9841  1.9914  45.145  45.068  -0.00968  -1.70412  0  43
287  317  0037  1.9075  1.9044  41.874  42.093  -0.08768  -1.59612  0  44
287  261  0038  1.9089  1.8864  44.974  45.048  -0.00968  -1.61412  0  44
287  310  0039  2.0664  2.0636  38.465  38.557  -0.19568  -1.68012  0  44
287  367  0040  2.0431  2.0518  42.898  42.755  -0.07568  -1.72812  0  44
287  311  0041  1.9186  1.9062  34.798  34.997  -0.27368  -1.50012  0  44
287  263  0042  1.9022  1.8815  46.518  46.659  0.03232  -1.62612  0  44
287  308  0043  2.0164  2.0204  35.767  35.374  -0.27968  -1.59612  0  43
287  332  0044  2.0101  2.0287  41.401  41.013  -0.12368  -1.68612  0  44
287  309  0045  2.0307  2.0273  35.667  35.409  -0.27968  -1.60212  0  43
287  239  0046  1.9300  1.9035  38.207  38.435  -0.18368  -1.54812  0  44
287  213  0047  1.9552  1.9704  45.068  45.064  -0.00968  -1.68612  0  43
287  242  0048  1.9138  1.8894  45.650  45.966  0.01432  -1.62612  0  43
287  254  0049  1.9569  1.9516  34.931  35.016  -0.27968  -1.53612  0  44
323  330  0000  2.0271  2.0322  38.924  38.665  -0.18968  -1.65612  0  44
323  356  0001  1.9963  2.0085  38.120  37.933  -0.20768  -1.62612  0  44
323  326  0002  1.9252  1.9021  36.613  36.821  -0.22568  -1.52412  0  44
323  318  0003  2.0041  2.0264  42.563  42.079  -0.09368  -1.69812  0  44
323  301  0004  1.9174  1.9099  39.571  39.828  -0.14768  -1.57212  0  44
323  368  0005  1.9061  1.8960  36.088  36.331  -0.23768  -1.51212  0  44
323  352  0006  1.9939  2.0015  38.168  37.907  -0.20768  -1.62012  0  44
323  300  0007  1.9724  1.9901  35.291  34.998  -0.28568  -1.56612  0  44
323  307  0008  1.9840  1.9942  44.904  44.851  -0.01568  -1.70412  0  43
323  243  0009  1.9496  1.9267  36.648  36.704  -0.23168  -1.54212  0  44
323  358  0010  2.0352  2.0354  35.197  35.017  -0.29168  -1.60212  0  44
323  295  0011  1.9401  1.9207  36.066  36.220  -0.24368  -1.53012  0  44
323  395  0012  2.0349  2.0435  42.078  41.895  -0.09968  -1.71012  0  44
323  322  0013  1.9053  1.8929  38.692  38.627  -0.17768  -1.54212  0  44
323  307  0014  1.9370  1.9244  40.851  41.225  -0.11168  -1.60212  0  44
323  412  0015  2.0698  2.0683  42.109  42.147  -0.09368  -1.73412  0  44
323  297  0016  1.9451  1.9321  32.910  32.621  -0.33968  -1.48212  0  44
323  263  0017  1.9823  1.9984  42.524  42.033  -0.09368  -1.67412  0  44
323  290  0018  1.9684  1.9663  41.276  41.315  -0.11168  -1.63812  0  44
323  299  0019  1.9712  1.9776  34.508  34.486  -0.29768  -1.54812  0  44
323  285  0020  1.9822  2.0006  36.559  36.371  -0.24968  -1.59612  0  44
323  353  0021  2.0479  2.0528  38.971  39.158  -0.17768  -1.68012  0  44
323  249  0022  1.9625  1.9808  36.287  35.837  -0.26168  -1.57212  0  44
323  287  0023  1.9550  1.9660  38.648  38.658  -0.18368  -1.60212  0  44
323  314  0024  2.0214  2.0181  45.710  45.716  0.00832  -1.73412  0  44
323  295  0025  1.9644  1.9751  46.297  46.380  0.02632  -1.70412  0  44
323  343  0026  1.9919  2.0051  34.932  34.638  -0.29768  -1.57212  0  44
323  300  0027  1.9803  1.9990  37.182  37.241  -0.22568  -1.60812  0  44
323  382  0028  2.0325  2.0387  43.458  43.163  -0.06368  -1.72212  0  44
323  395  0029  2.0402  2.0488  43.073  42.962  -0.06968  -1.72812  0  44
323  363  0030  2.0048  2.0134  34.307  34.245  -0.30968  -1.57212  0  44
323  297  0031  1.9250  1.9108  44.057  43.692  -0.04568  -1.62012  0  44
323  395  0032  2.0760  2.0631  40.179  40.244  -0.14768  -1.70412  0  44
323  292  0033  1.9710  1.9788  45.520  45.503  0.00232  -1.69812  0  43
323  295  0034  1.9562  1.9699  46.865  46.823  0.03832  -1.70412  0  44
323  276  0035  1.9583  1.9501  32.790  32.513  -0.34568  -1.49412  0  44
323  326  0036  2.0117  2.0096  45.386  45.286  -0.00368  -1.72212  0  44
323  330  0037  2.0534  2.0412  36.586  36.982  -0.23768  -1.63812  0  44
323  305  0038  1.9102  1.8950  44.553  44.364  -0.02768  -1.61412  0  44
323  310  0039  2.0335  2.0240  45.957  46.357  0.02632  -1.74612  0  44
323  352  0040  2.0610  2.0477  34.335  34.434  -0.30968  -1.60212  0  44
323  280  0041  1.9649  1.9502  42.335  42.394  -0.08168  -1.63812  0  44
323  354  0042  1.9982  2.0120  34.924  34.675  -0.29768  -1.57812  0  44
323  385  0043  2.0323  2.0387  43.368  43.163  -0.06368  -1.72212  0  44
323  280  0044  1.9346  1.9344  39.054  39.223  -0.16568  -1.58412  0  44
323  323  0045  2.0030  2.0084  36.173  35.970  -0.26168  -1.59612  0  44
323  347  0046  2.0666  2.0640  38.075  38.135  -0.20768  -1.67412  0  44
323  402  0047  2.0282  2.0354  40.788  40.601  -0.13568  -1.68612  0  44
323  242  0048  1.9559  1.9634  44.929  45.063  -0.00968  -1.68012  0  43
323  310  0049  1.9919  2.0028  44.220  44.204  -0.03368  -1.70412  0  44
359  364  0000  1.9168  1.9123  33.348  33.182  -0.32168  -1.47612  0  44
359  382  0001  1.9957  2.0024  34.414  34.403  -0.30368  -1.56612  0  44
359  404  0002  2.0551  2.0450  34.089  34.204  -0.31568  -1.59612  0  44
359  387  0003  1.9985  2.0093  34.439  34.441  -0.30368  -1.57212  0  44
359  274  0004  1.9681  1.9818  44.211  44.192  -0.03368  -1.68612  0  44
359  410  0005  2.0491  2.0482  33.307  33.358  -0.33968  -1.58412  0  44
359  350  0006  1.9423  1.9351  41.218  41.473  -0.10568  -1.61412  0  44
359  377  0007  1.9004  1.9007  41.722  41.858  -0.09368  -1.59012  0  44
359  450  0008  2.0469  2.0494  40.560  40.634  -0.13568  -1.69812  0  44
359  348  0009  2.0268  2.0197  46.004  46.145  0.02032  -1.74012  0  44
359  366  0010  2.0638  2.0627  47.283  47.180  0.05032  -1.78812  -0  44
359  440  0011  2.0685  2.0599  40.794  40.869  -0.12968  -1.71012  0  44
359  372  0012  2.0576  2.0538  46.516  46.765  0.03832  -1.77612  -0  44
359  363  0013  1.9321  1.9248  41.315  41.677  -0.09968  -1.60812  0  44
359  313  0014  2.0729  2.0561  35.108  35.122  -0.29168  -1.62012  0  44
359  380  0015  1.9229  1.9098  43.310  43.238  -0.05768  -1.61412  0  44
359  367  0016  1.9299  1.9188  35.481  35.524  -0.26168  -1.51812  0  44
359  445  0017  2.0613  2.0619  42.596  42.558  -0.08168  -1.73412  0  44
359  449  0018  2.0445  2.0494  40.625  40.634  -0.13568  -1.69812  0  44
359  384  0019  2.0739  2.0667  43.449  43.194  -0.06368  -1.74612  0  44
359  258  0020  1.9541  1.9620  44.540  44.621  -0.02168  -1.67412  0  44
359  326  0021  1.9635  1.9593  41.152  41.300  -0.11168  -1.63212  0  44
359  362  0022  1.9252  1.9166  33.145  32.979  -0.32768  -1.47612  0  44
359  407  0023  1.9002  1.9020  42.725  42.773  -0.06968  -1.60212  0  44
359  396  0024  2.0574  2.0597  38.954  39.179  -0.17768  -1.68612  0  44
359  341  0025  1.9776  1.9831  45.771  45.721  0.00832  -1.70412  0  44
359  289  0026  1.9744  1.9706  32.767  32.650  -0.34568  -1.51212  0  44
359  305  0027  1.9718  1.9920  37.203  37.212  -0.22568  -1.60212  0  44
359  357  0028  2.0116  2.0084  45.907  45.933  0.01432  -1.72812  0  44
359  348  0029  1.8994  1.8960  39.773  39.787  -0.14768  -1.56012  0  44
359  323  0030  1.9929  2.0156  42.374  41.846  -0.09968  -1.68612  0  44
359  284  0031  1.9409  1.9471  46.437  46.394  0.02632  -1.68012  0  44
359  314  0032  1.9424  1.9449  38.969  39.033  -0.17168  -1.59012  0  44
359  378  0033  2.0049  2.0048  46.694  46.798  0.03832  -1.73412  0  44
359  363  0034  1.9104  1.9048  34.120  34.295  -0.29168  -1.48812  0  44
359  407  0035  1.9100  1.9059  43.112  43.006  -0.06368  -1.60812  0  44
359  326  0036  1.9552  1.9660  38.745  38.658  -0.18368  -1.60212  0  44
359  374  0037  1.9989  2.0081  33.766  33.775  -0.32168  -1.56012  0  44
359  411  0038  1.9022  1.9004  33.064  32.638  -0.33368  -1.45812  0  44
359  359  0039  1.9937  1.9984  45.134  45.069  -0.00968  -1.71012  0  44
359  358  0040  2.0481  2.0342  35.518  35.443  -0.27968  -1.60812  0  44
359  397  0041  2.0560  2.0450  34.285  34.204  -0.31568  -1.59612  0  44
359  419  0042  2.0312  2.0313  34.099  34.127  -0.31568  -1.58412  0  44
359  324  0043  1.9473  1.9380  40.631  40.807  -0.12368  -1.60812  0  44
359  408  0044  2.0478  2.0409  34.345  34.397  -0.30968  -1.59612  0  44
359  288  0045  2.0735  2.0538  35.703  35.967  -0.26768  -1.63212  0  44
359  316  0046  1.9694  1.9723  33.922  34.008  -0.30968  -1.53612  0  44
359  312  0047  1.9444  1.9311  33.574  33.762  -0.30968  -1.50012  0  44
359  438  0048  2.0691  2.0599  40.848  40.869  -0.12968  -1.71012  0  44
359  334  0049  1.9459  1.9321  32.828  32.621  -0.33968  -1.48212  0  44
394  396  0000  1.9947  1.9960  46.191  46.370  0.02632  -1.72212  0  44
394  393  0001  2.0050  2.0114  36.303  36.202  -0.25568  -1.60212  0  44
394  304  0002  1.9429  1.9508  45.523  45.504  0.00232  -1.67412  0  44
394  469  0003  2.0265  2.0354  40.835  40.601  -0.13568  -1.68612  0  44
394  360  0004  1.9784  1.9920  37.189  37.212  -0.22568  -1.60212  0  44
394  399  0005  1.9826  1.9864  46.576  46.593  0.03232  -1.71612  0  44
394  378  0006  1.9295  1.9090  36.639  36.852  -0.22568  -1.53012  0  44
394  376  0007  1.9799  1.9860  34.072  34.088  -0.30968  -1.54812  0  44
394  423  0008  2.0195  2.0234  33.218  33.427  -0.33368  -1.56612  0  44
394  352  0009  1.9786  1.9831  40.245  40.254  -0.14168  -1.63812  0  44
394  313  0010  1.9526  1.9414  36.330  36.319  -0.24368  -1.54812  0  44
394  474  0011  2.0644  2.0596  39.800  40.024  -0.15368  -1.69812  -0  45
394  380  0012  1.9548  1.9623  47.478  47.491  0.05632  -1.70412  0  44
394  424  0013  2.0336  2.0337  44.290  44.010  -0.03968  -1.72812  0  44
394  407  0014  1.9208  1.9059  36.476  36.609  -0.23168  -1.52412  0  44
394  423  0015  1.9173  1.9079  35.636  35.698  -0.25568  -1.51212  0  44
394  401  0016  2.0717  2.0652  46.840  46.968  0.04432  -1.78812  -0  44
394  465  0017  1.9105  1.9048  32.627  32.435  -0.33968  -1.45812  0  44
394  337  0018  1.9510  1.9422  33.503  33.602  -0.31568  -1.50612  0  44
394  481  0019  2.0395  2.0460  40.926  40.838  -0.12968  -1.69812  -0  45
394  435  0020  1.9073  1.8990  36.376  36.576  -0.23168  -1.51812  0  44
394  368  0021  1.9514  1.9433  32.662  32.467  -0.34568  -1.48812  0  44
394  434  0022  2.0105  2.0148  35.109  34.909  -0.29168  -1.58412  0  44
394  319  0023  1.9821  2.0007  43.521  43.337  -0.05768  -1.69212  0  44
394  336  0024  1.9335  1.9218  44.050  43.928  -0.03968  -1.63212  0  44
394  354  0025  1.9777  1.9917  36.067  35.670  -0.26768  -1.57812  0  44
394  431  0026  2.0637  2.0534  33.663  33.820  -0.32768  -1.59612  0  44
394  391  0027  1.9036  1.8929  38.680  38.627  -0.17768  -1.54212  0  44
394  417  0028  2.0336  2.0274  36.668  36.924  -0.23768  -1.62612  0  44
394  358  0029  1.9542  1.9470  42.727  42.611  -0.07568  -1.63812  0  44
394  368  0030  1.9709  1.9804  45.971  45.940  0.01432  -1.70412  0  44
394  355  0031  1.9067  1.8938  46.066  46.193  0.02032  -1.63212  0  44
394  487  0032  2.0513  2.0527  40.369  40.430  -0.14168  -1.69812  -0  45
394  392  0033  1.9090  1.9021  33.866  34.047  -0.29768  -1.48212  0  44
394  389  0034  2.0576  2.0590  46.161  46.341  0.02632  -1.77612  -0  44
394  412  0035  2.0308  2.0289  38.571  38.439  -0.19568  -1.65012  0  45
394  405  0036  1.9137  1.9076  34.372  34.542  -0.28568  -1.49412  0  44
394  327  0037  1.9296  1.9298  47.154  47.301  0.05032  -1.67412  0  44
394  338  0038  1.9156  1.9004  45.045  45.051  -0.00968  -1.62612  0  44
394  379  0039  2.0649  2.0520  36.480  36.814  -0.24368  -1.64412  0  44
394  373  0040  1.9993  2.0074  39.620  39.666  -0.15968  -1.65012  0  44
394  351  0041  1.9826  2.0006  36.566  36.371  -0.24968  -1.59612  0  44
394  408  0042  2.0771  2.0682  37.250  37.516  -0.22568  -1.66812  0  44
394  382  0043  2.0080  2.0144  39.375  39.254  -0.17168  -1.65012  0  44
394  390  0044  1.9896  1.9944  45.953  45.937  0.01432  -1.71612  0  44
394  386  0045  2.0669  2.0660  46.098  46.338  0.02632  -1.78212  -0  44
394  412  0046  2.0136  2.0118  46.700  46.794  0.03832  -1.74012  0  44
394  314  0047  1.9404  1.9471  46.290  46.394  0.02632  -1.68012  0  44
394  344  0048  1.9095  1.8999  46.631  46.875  0.03832  -1.64412  0  44
394  369  0049  2.0362  2.0293  45.696  45.928  0.01432  -1.74612  0  44
430  418  0000  1.8975  1.8836  45.091  45.277  -0.00368  -1.61412  0  44
430  374  0001  1.9751  1.9859  44.461  44.412  -0.02768  -1.69212  0  44
430  391  0002  1.9830  1.9976  36.386  36.138  -0.25568  -1.59012  0  44
430  374  0003  1.9126  1.9008  46.005  46.190  0.02032  -1.63812  0  44
430  430  0004  2.0744  2.0722  47.091  46.963  0.04432  -1.79412  -0  44
430  469  0005  2.0088  2.0090  37.435  37.500  -0.21968  -1.62012  0  44
430  402  0006  1.9835  1.9986  36.036  35.704  -0.26768  -1.58412  0  44
430  373  0007  1.9781  1.9845  42.256  42.009  -0.09368  -1.66212  0  45
430  418  0008  2.0227  2.0154  45.818  45.931  0.01432  -1.73412  0  44
430  449  0009  2.0241  2.0207  47.128  47.216  0.05032  -1.75212  -0  44
430  370  0010  1.9523  1.9465  33.351  33.401  -0.32168  -1.50612  0  45
430  427  0011  1.9224  1.9051  36.919  37.065  -0.21968  -1.53012  0  44
430  422  0012  1.9873  1.9901  45.727  45.720  0.00832  -1.71012  0  44
430  515  0013  2.0551  2.0492  40.024  40.209  -0.14768  -1.69212  -0  45
430  357  0014  1.9219  1.9147  46.052  46.185  0.02032  -1.65012  0  44
430  417  0015  1.9614  1.9673  47.107  47.045  0.04432  -1.70412  0  44
430  411  0016  1.8990  1.8906  45.285  45.278  -0.00368  -1.62012  0  44
430  348  0017  2.0756  2.0607  35.696  35.999  -0.26768  -1.63812  0  44
430  476  0018  2.0449  2.0414  33.125  33.317  -0.33968  -1.57812  0  44
430  476  0019  2.0554  2.0562  39.142  39.380  -0.17168  -1.68612  -0  45
430  335  0020  1.9481  1.9423  37.656  37.901  -0.20168  -1.57212  0  44
430  518  0021  2.0645  2.0640  41.454  41.509  -0.11168  -1.72212  -0  45
430  347  0022  1.9444  1.9318  43.854  43.711  -0.04568  -1.63812  0  44
430  406  0023  1.9297  1.9275  40.453  40.556  -0.12968  -1.59612  0  44
430  389  0024  1.9942  2.0077  43.396  43.344  -0.05768  -1.69812  0  44
430  470  0025  2.0393  2.0367  37.439  37.608  -0.21968  -1.64412  0  44
430  483  0026  2.0223  2.0324  41.521  41.235  -0.11768  -1.69212  -0  45
430  470  0027  1.9219  1.9191  42.559  42.570  -0.07568  -1.61412  0  44
430  450  0028  2.0766  2.0752  37.489  37.543  -0.22568  -1.67412  -0  45
430  329  0029  1.9533  1.9568  37.383  37.510  -0.21368  -1.57812  0  44
430  461  0030  2.0652  2.0568  32.884  32.978  -0.35168  -1.58412  0  44
430  462  0031  2.0187  2.0340  42.652  42.518  -0.08168  -1.71012  -0  45
430  478  0032  2.0128  2.0161  34.576  34.479  -0.30368  -1.57812  0  44
430  418  0033  2.0143  2.0184  32.748  32.957  -0.34568  -1.55412  0  44
430  407  0034  1.9424  1.9321  32.860  32.621  -0.33968  -1.48212  0  45
430  382  0035  2.0621  2.0600  45.465  45.710  0.00832  -1.77012  -0  44
430  372  0036  1.9917  1.9979  32.778  32.827  -0.34568  -1.53612  0  44
430  417  0037  1.9353  1.9213  34.357  34.621  -0.28568  -1.50612  0  45
430  495  0038  2.0214  2.0320  41.059  40.807  -0.12968  -1.68612  -0  45
430  361  0039  1.9600  1.9576  33.151  33.244  -0.32768  -1.51212  0  45
430  458  0040  2.0621  2.0575  37.594  37.688  -0.21968  -1.66212  0  45
430  438  0041  2.0113  2.0302  42.495  42.299  -0.08768  -1.70412  0  45
430  459  0042  2.0130  2.0221  41.673  41.428  -0.11168  -1.68612  -0  45
430  456  0043  2.0388  2.0313  35.288  35.212  -0.28568  -1.60212  0  44
430  382  0044  2.0615  2.0571  44.882  44.868  -0.01568  -1.75812  0  44
430  414  0045  1.9010  1.8925  39.405  39.546  -0.15368  -1.55412  0  44
430  394  0046  1.9231  1.9205  39.123  39.178  -0.16568  -1.57212  0  44
430  346  0047  1.9275  1.9186  45.117  45.280  -0.00368  -1.64412  0  44
430  505  0048  1.9090  1.9048  32.574  32.435  -0.33968  -1.45812  0  45
430  417  0049  1.9219  1.9045  37.336  37.521  -0.20768  -1.53612  0  44
466  515  0000  2.0135  2.0251  41.044  40.791  -0.12968  -1.68012  -0  45
466  407  0001  1.9125  1.9025  46.589  46.645  0.03232  -1.64412  0  45
466  451  0002  1.9221  1.9174  33.594  33.678  -0.30968  -1.48812  0  45
466  560  0003  2.0612  2.0613  42.122  42.136  -0.09368  -1.72812  -0  45
466  418  0004  1.9781  1.9946  36.158  35.904  -0.26168  -1.58412  0  45
466  452  0005  1.9488  1.9388  41.403  41.704  -0.09968  -1.62012  0  45
466  508  0006  2.0262  2.0285  35.168  34.981  -0.29168  -1.59612  0  44
466  374  0007  1.9321  1.9271  45.531  45.730  0.00832  -1.65612  0  44
466  469  0008  1.9947  2.0026  35.672  35.504  -0.27368  -1.58412  0  45
466  494  0009  2.0315  2.0325  38.319  38.237  -0.20168  -1.65012  0  45
466  453  0010  1.9787  1.9914  34.679  34.563  -0.29768  -1.56012  0  45
466  550  0011  2.0718  2.0677  41.647  41.726  -0.10568  -1.72812  -0  45
466  417  0012  1.9645  1.9654  33.923  33.968  -0.30968  -1.53012  0  45
466  385  0013  1.9702  1.9789  44.276  44.409  -0.02768  -1.68612  0  44
466  453  0014  1.9976  2.0045  36.327  36.170  -0.25568  -1.59612  0  44
466  480  0015  2.0068  2.0139  44.477  44.426  -0.02768  -1.71612  0  44
466  472  0016  2.0645  2.0634  46.474  46.549  0.03232  -1.78212  -0  44
466  416  0017  2.0639  2.0498  35.930  36.163  -0.26168  -1.63212  0  45
466  432  0018  1.9573  1.9588  39.163  39.079  -0.17168  -1.60212  0  45
466  379  0019  1.9651  1.9579  43.057  42.848  -0.06968  -1.65012  0  45
466  490  0020  2.0704  2.0669  38.596  38.779  -0.18968  -1.68612  -0  45
466  480  0021  1.9395  1.9292  42.261  42.361  -0.08168  -1.62012  0  45
466  535  0022  2.0466  2.0488  43.211  42.962  -0.06968  -1.72812  -0  45
466  492  0023  2.0483  2.0443  37.026  37.209  -0.23168  -1.64412  0  45
466  444  0024  1.9717  1.9763  39.042  38.914  -0.17768  -1.61412  0  45
466  486  0025  1.9907  1.9946  37.858  37.880  -0.20768  -1.61412  0  44
466  368  0026  1.9555  1.9487  43.604  43.504  -0.05168  -1.65012  0  44
466  422  0027  1.9615  1.9570  34.177  34.370  -0.29768  -1.53012  0  45
466  488  0028  2.0047  2.0135  35.441  35.340  -0.27968  -1.59012  0  44
466  492  0029  2.0631  2.0645  37.686  37.714  -0.21968  -1.66812  -0  45
466  447  0030  1.9915  1.9997  36.819  36.806  -0.23768  -1.60212  0  45
466  441  0031  1.8990  1.8851  45.650  45.737  0.00832  -1.62012  0  45
466  489  0032  1.9154  1.9029  36.278  36.364  -0.23768  -1.51812  0  45
466  459  0033  1.9053  1.8979  44.366  44.137  -0.03368  -1.61412  0  45
466  389  0034  1.9453  1.9348  43.703  43.490  -0.05168  -1.63812  0  44
466  494  0035  2.0299  2.0320  32.965  33.042  -0.34568  -1.56612  0  45
466  375  0036  1.9724  1.9847  43.954  43.975  -0.03968  -1.68612  0  44
466  489  0037  2.0625  2.0607  38.033  37.912  -0.21368  -1.66812  -0  45
466  377  0038  1.9310  1.9271  45.735  45.730  0.00832  -1.65612  0  44
466  508  0039  2.0323  2.0367  43.916  43.799  -0.04568  -1.72812  -0  45
466  419  0040  1.9098  1.8976  45.210  45.278  -0.00368  -1.62612  0  45
466  430  0041  1.9705  1.9749  34.160  34.248  -0.30368  -1.54212  0  45
466  397  0042  1.9862  1.9886  32.555  32.544  -0.35168  -1.52412  0  45
466  396  0043  1.9249  1.9253  47.019  47.080  0.04432  -1.66812  0  45
466  428  0044  1.9842  1.9900  40.178  40.272  -0.14168  -1.64412  0  45
466  469  0045  1.9869  1.9983  34.602  34.600  -0.29768  -1.56612  0  45
466  474  0046  2.0162  2.0209  32.996  33.192  -0.33968  -1.56012  0  45
466  512  0047  1.9127  1.9073  32.869  32.684  -0.33368  -1.46412  0  45
466  384  0048  1.9427  1.9349  38.070  38.324  -0.18968  -1.57212  0  45
466  491  0049  1.9160  1.9068  36.044  36.153  -0.24368  -1.51812  0  45
502  512  0000  1.9000  1.9012  33.540  33.343  -0.31568  -1.47012  0  45
502  508  0001  2.0453  2.0381  36.573  36.755  -0.24368  -1.63212  0  45
502  546  0002  2.0134  2.0176  34.019  34.049  -0.31568  -1.57212  0  45
502  473  0003  1.9367  1.9296  33.973  34.211  -0.29768  -1.50612  0  45
502  477  0004  1.9567  1.9458  41.498  41.718  -0.09968  -1.62612  0  45
502  443  0005  1.9783  1.9859  44.298  44.412  -0.02768  -1.69212  0  45
502  561  0006  2.0342  2.0387  43.321  43.163  -0.06368  -1.72212  -0  45
502  560  0007  2.0232  2.0318  40.286  40.378  -0.14168  -1.68012  -0  45
502  408  0008  1.9436  1.9290  37.291  37.396  -0.21368  -1.55412  0  45
502  494  0009  1.9879  1.9952  37.306  37.444  -0.21968  -1.60812  0  45
502  421  0010  1.9529  1.9522  36.240  36.145  -0.24968  -1.55412  0  45
502  555  0011  2.0180  2.0249  40.414  40.361  -0.14168  -1.67412  -0  45
502  453  0012  1.9075  1.8964  45.735  45.964  0.01432  -1.63212  0  45
502  570  0013  2.0282  2.0357  41.233  41.028  -0.12368  -1.69212  -0  45
502  484  0014  1.9683  1.9724  46.652  46.601  0.03232  -1.70412  0  45
502  497  0015  2.0179  2.0170  46.164  46.360  0.02632  -1.74012  -0  45
502  587  0016  2.0477  2.0492  40.074  40.209  -0.14768  -1.69212  -0  46
502  506  0017  2.0348  2.0282  36.292  36.496  -0.24968  -1.62012  0  45
502  471  0018  1.9262  1.9083  37.219  37.308  -0.21368  -1.53612  0  45
502  490  0019  1.9171  1.9106  33.663  33.635  -0.30968  -1.48212  0  45
502  523  0020  2.0087  2.0123  33.558  33.580  -0.32768  -1.56012  0  45
502  523  0021  2.0152  2.0137  47.182  47.223  0.05032  -1.74612  -0  45
502  500  0022  2.0027  2.0113  38.903  38.595  -0.18968  -1.63812  0  45
502  517  0023  1.9308  1.9286  41.759  41.910  -0.09368  -1.61412  0  45
502  485  0024  2.0059  2.0143  39.581  39.686  -0.15968  -1.65612  0  45
502  503  0025  2.0434  2.0419  44.605  44.440  -0.02768  -1.74012  -0  45
502  454  0026  1.9830  1.9967  36.614  36.573  -0.24368  -1.59612  0  45
502  477  0027  1.9862  1.9959  37.069  37.009  -0.23168  -1.60212  0  45
502  497  0028  2.0140  2.0252  32.942  33.000  -0.34568  -1.56012  0  45
502  516  0029  1.9112  1.8975  37.386  37.492  -0.20768  -1.53012  0  45
502  539  0030  1.9236  1.9191  42.579  42.570  -0.07568  -1.61412  0  45
502  559  0031  2.0431  2.0424  33.914  33.973  -0.32168  -1.59012  0  45
502  515  0032  1.9388  1.9292  42.289  42.361  -0.08168  -1.62012  0  45
502  532  0033  2.0427  2.0432  38.119  38.061  -0.20768  -1.65612  0  45
502  518  0034  2.0344  2.0347  47.308  47.204  0.05032  -1.76412  -0  45
502  436  0035  1.9807  1.9917  43.996  43.980  -0.03968  -1.69212  0  45
502  489  0036  1.8976  1.8995  40.040  40.026  -0.14168  -1.56612  0  45
502  497  0037  1.9860  1.9928  34.128  34.128  -0.30968  -1.55412  0  45
502  509  0038  2.0381  2.0302  35.686  35.640  -0.27368  -1.60812  0  45
502  507  0039  1.9003  1.9007  34.323  34.502  -0.28568  -1.48812  0  45
502  483  0040  1.9245  1.9205  40.399  40.538  -0.12968  -1.59012  0  45
502  418  0041  1.9463  1.9336  36.648  36.736  -0.23168  -1.54812  0  45
502  504  0042  1.9717  1.9743  46.998  47.039  0.04432  -1.71012  0  45
502  531  0043  2.0595  2.0568  32.750  32.978  -0.35168  -1.58412  0  45
502  592  0044  2.0459  2.0458  40.380  40.413  -0.14168  -1.69212  -0  45
502  531  0045  2.0236  2.0238  44.292  44.217  -0.03368  -1.72212  -0  45
502  511  0046  2.0655  2.0582  36.986  37.265  -0.23168  -1.65612  -0  45
502  447  0047  1.9645  1.9751  35.659  35.364  -0.27368  -1.56012  0  45
502  525  0048  2.0138  2.0150  38.537  38.390  -0.19568  -1.63812  0  45
502  507  0049  1.9811  1.9872  38.360  38.292  -0.19568  -1.61412  0  45
