34  92  0000  1.4759  1.4433  -103.705  -117.532  -1.32716  -0.23683  -0  40
34  92  0001  1.5535  1.4433  -102.203  -117.532  -1.32716  -0.23683  -0  40
34  93  0002  1.5388  1.4433  -109.428  -117.532  -1.32716  -0.23683  -0  40
34  92  0003  1.5981  1.4433  -113.676  -117.532  -1.32716  -0.23683  -0  40
34  92  0004  1.5860  1.4433  -113.869  -117.532  -1.32716  -0.23683  -0  40
34  92  0005  1.5470  1.4433  -103.618  -117.532  -1.32716  -0.23683  -0  40
34  93  0006  1.5166  1.4433  -114.952  -117.532  -1.32716  -0.23683  -0  40
34  92  0007  1.5255  1.4433  -102.758  -117.532  -1.32716  -0.23683  -0  40
34  92  0008  1.5124  1.4433  -107.361  -117.532  -1.32716  -0.23683  -0  40
34  93  0009  1.5350  1.4433  -104.991  -117.532  -1.32716  -0.23683  -0  40
34  92  0010  1.5592  1.4433  -102.989  -117.532  -1.32716  -0.23683  -0  40
34  93  0011  1.5975  1.4433  -102.843  -117.532  -1.32716  -0.23683  -0  40
34  92  0012  1.6011  1.4433  -100.448  -117.532  -1.32716  -0.23683  -0  40
34  92  0013  1.5042  1.4433  -109.801  -117.532  -1.32716  -0.23683  -0  40
34  92  0014  1.5259  1.4433  -106.883  -117.532  -1.32716  -0.23683  -0  40
34  92  0015  1.4943  1.4433  -109.149  -117.532  -1.32716  -0.23683  -0  40
34  92  0016  1.5424  1.4433  -101.563  -117.532  -1.32716  -0.23683  -0  40
34  92  0017  1.5940  1.4433  -109.466  -117.532  -1.32716  -0.23683  -0  40
34  93  0018  1.5373  1.4433  -112.565  -117.532  -1.32716  -0.23683  -0  40
34  92  0019  1.6046  1.4433  -109.284  -117.532  -1.32716  -0.23683  -0  40
34  92  0020  1.5742  1.4433  -107.860  -117.532  -1.32716  -0.23683  -0  40
34  92  0021  1.5028  1.4433  -107.967  -117.532  -1.32716  -0.23683  -0  40
34  92  0022  1.5019  1.4433  -111.306  -117.532  -1.32716  -0.23683  -0  40
34  93  0023  1.5403  1.4433  -104.390  -117.532  -1.32716  -0.23683  -0  40
34  93  0024  1.5374  1.4433  -106.309  -117.532  -1.32716  -0.23683  -0  40
34  93  0025  1.5510  1.4433  -110.619  -117.532  -1.32716  -0.23683  -0  40
34  92  0026  1.5760  1.4433  -103.705  -117.532  -1.32716  -0.23683  -0  40
34  93  0027  1.5488  1.4433  -104.965  -117.532  -1.32716  -0.23683  -0  40
34  92  0028  1.5970  1.4433  -107.997  -117.532  -1.32716  -0.23683  -0  40
34  92  0029  1.5876  1.4433  -112.018  -117.532  -1.32716  -0.23683  -0  40
34  92  0030  1.4770  1.4433  -107.202  -117.532  -1.32716  -0.23683  -0  40
34  95  0031  1.6015  1.6293  -110.592  -111.879  -1.51316  -0.38083  -0  40
34  92  0032  1.4753  1.4433  -107.268  -117.532  -1.32716  -0.23683  -0  40
34  92  0033  1.4737  1.4433  -104.509  -117.532  -1.32716  -0.23683  -0  40
34  92  0034  1.5570  1.4433  -114.847  -117.532  -1.32716  -0.23683  -0  40
34  92  0035  1.5962  1.4433  -106.935  -117.532  -1.32716  -0.23683  -0  40
34  92  0036  1.5285  1.4433  -108.585  -117.532  -1.32716  -0.23683  -0  40
34  92  0037  1.5833  1.4433  -106.718  -117.532  -1.32716  -0.23683  -0  40
34  93  0038  1.4996  1.4433  -101.120  -117.532  -1.32716  -0.23683  -0  40
34  93  0039  1.5570  1.4433  -111.887  -117.532  -1.32716  -0.23683  -0  40
34  93  0040  1.5839  1.4433  -115.071  -117.532  -1.32716  -0.23683  -0  40
34  92  0041  1.5342  1.4433  -108.622  -117.532  -1.32716  -0.23683  -0  40
34  93  0042  1.5155  1.4433  -100.975  -117.532  -1.32716  -0.23683  -0  40
34  92  0043  1.5919  1.4433  -109.683  -117.532  -1.32716  -0.23683  -0  40
34  92  0044  1.5743  1.4433  -102.881  -117.532  -1.32716  -0.23683  -0  40
34  92  0045  1.4869  1.4433  -104.252  -117.532  -1.32716  -0.23683  -0  40
34  93  0046  1.5324  1.4433  -102.333  -117.532  -1.32716  -0.23683  -0  40
34  92  0047  1.5119  1.4433  -112.574  -117.532  -1.32716  -0.23683  -0  40
34  93  0048  1.4942  1.4433  -105.383  -117.532  -1.32716  -0.23683  -0  40
34  92  0049  1.5914  1.4433  -108.278  -117.532  -1.32716  -0.23683  -0  40
69  92  0000  1.4848  1.4433  -110.157  -117.532  -1.32716  -0.23683  -0  40
69  92  0001  1.5927  1.4433  -106.988  -117.532  -1.32716  -0.23683  -0  40
69  92  0002  1.4769  1.4433  -103.515  -117.532  -1.32716  -0.23683  -0  40
69  92  0003  1.4877  1.4433  -100.389  -117.532  -1.32716  -0.23683  -0  40
69  93  0004  1.4997  1.4368  -114.477  -112.736  -1.33316  -0.32083  -0  40
69  92  0005  1.5430  1.4433  -103.807  -117.532  -1.32716  -0.23683  -0  40
69  92  0006  1.5876  1.4433  -101.116  -117.532  -1.32716  -0.23683  -0  40
69  93  0007  1.4809  1.4368  -111.484  -112.736  -1.33316  -0.32083  -0  40
69  94  0008  1.5527  1.4433  -110.536  -117.532  -1.32716  -0.23683  -0  40
69  93  0009  1.5853  1.4433  -110.112  -117.532  -1.32716  -0.23683  -0  40
69  93  0010  1.4998  1.4433  -102.628  -117.532  -1.32716  -0.23683  -0  40
69  93  0011  1.4916  1.4433  -102.223  -117.532  -1.32716  -0.23683  -0  40
69  100  0012  1.5957  1.5827  -100.410  -98.484  -1.44716  -0.61483  -0  40
69  93  0013  1.5508  1.4433  -100.391  -117.532  -1.32716  -0.23683  -0  40
69  92  0014  1.5779  1.4433  -103.653  -117.532  -1.32716  -0.23683  -0  40
69  92  0015  1.5899  1.4433  -115.181  -117.532  -1.32716  -0.23683  -0  40
69  93  0016  1.5633  1.4433  -109.355  -117.532  -1.32716  -0.23683  -0  40
69  98  0017  1.4928  1.4368  -114.595  -112.736  -1.33316  -0.32083  -0  40
69  98  0018  1.5612  1.5587  -114.732  -115.101  -1.44116  -0.30283  -0  40
69  92  0019  1.5165  1.4433  -104.086  -117.532  -1.32716  -0.23683  -0  40
69  93  0020  1.5050  1.4433  -101.051  -117.532  -1.32716  -0.23683  -0  40
69  93  0021  1.5416  1.4433  -112.432  -117.532  -1.32716  -0.23683  -0  40
69  92  0022  1.4773  1.4433  -108.434  -117.532  -1.32716  -0.23683  -0  40
69  101  0023  1.5242  1.5194  -105.889  -106.150  -1.41116  -0.45883  -0  40
69  99  0024  1.4952  1.5068  -105.758  -105.933  -1.39916  -0.45883  -0  40
69  92  0025  1.5768  1.4433  -101.815  -117.532  -1.32716  -0.23683  -0  40
69  93  0026  1.4875  1.4433  -101.300  -117.532  -1.32716  -0.23683  -0  40
69  92  0027  1.4994  1.4433  -110.341  -117.532  -1.32716  -0.23683  -0  40
69  92  0028  1.5152  1.4433  -107.910  -117.532  -1.32716  -0.23683  -0  40
69  92  0029  1.4860  1.4433  -108.612  -117.532  -1.32716  -0.23683  -0  40
69  101  0030  1.5927  1.6191  -103.406  -104.558  -1.50116  -0.51883  -1  40
69  92  0031  1.5776  1.4433  -106.718  -117.532  -1.32716  -0.23683  -0  40
69  93  0032  1.5287  1.4433  -105.415  -117.532  -1.32716  -0.23683  -0  40
69  111  0033  1.5955  1.6179  -104.994  -105.179  -1.50116  -0.50683  -0  40
69  97  0034  1.6018  1.5886  -100.488  -98.617  -1.45316  -0.61483  -0  40
69  93  0035  1.5584  1.4433  -107.005  -117.532  -1.32716  -0.23683  -0  40
69  92  0036  1.5103  1.4433  -108.630  -117.532  -1.32716  -0.23683  -0  40
69  99  0037  1.5296  1.5186  -107.175  -106.812  -1.41116  -0.44683  -0  40
69  92  0038  1.4800  1.4433  -108.452  -117.532  -1.32716  -0.23683  -0  40
69  93  0039  1.4944  1.4433  -103.178  -117.532  -1.32716  -0.23683  -0  40
69  92  0040  1.5043  1.4433  -110.601  -117.532  -1.32716  -0.23683  -0  40
69  92  0041  1.5435  1.4433  -113.874  -117.532  -1.32716  -0.23683  -0  40
69  103  0042  1.4857  1.4440  -115.058  -113.168  -1.33916  -0.31483  -0  40
69  102  0043  1.5169  1.5186  -107.288  -106.812  -1.41116  -0.44683  -0  40
69  92  0044  1.5757  1.4433  -102.438  -117.532  -1.32716  -0.23683  -0  40
69  92  0045  1.5510  1.4433  -108.517  -117.532  -1.32716  -0.23683  -0  40
69  92  0046  1.5863  1.4433  -102.068  -117.532  -1.32716  -0.23683  -0  40
69  112  0047  1.6022  1.6289  -110.257  -111.570  -1.51316  -0.38683  -0  40
69  93  0048  1.4833  1.4433  -110.343  -117.532  -1.32716  -0.23683  -0  40
69  92  0049  1.5467  1.4433  -105.678  -117.532  -1.32716  -0.23683  -0  40
103  92  0000  1.5617  1.4433  -107.431  -117.532  -1.32716  -0.23683  -0  40
103  101  0001  1.5398  1.5261  -105.565  -105.927  -1.41716  -0.46483  -0  40
103  93  0002  1.5525  1.4433  -101.619  -117.532  -1.32716  -0.23683  -0  40
103  92  0003  1.5101  1.4433  -110.584  -117.532  -1.32716  -0.23683  -0  40
103  107  0004  1.5038  1.5083  -113.308  -112.952  -1.39916  -0.33283  -0  40
103  116  0005  1.5142  1.5133  -111.850  -112.035  -1.40516  -0.35083  -0  40
103  96  0006  1.4920  1.4992  -107.659  -106.829  -1.39316  -0.44083  -1  40
103  102  0007  1.5227  1.5387  -114.628  -114.895  -1.42316  -0.30283  -0  40
103  113  0008  1.4880  1.4820  -101.246  -100.507  -1.36316  -0.54283  -1  40
103  109  0009  1.5027  1.5056  -107.798  -106.935  -1.39916  -0.44083  -1  40
103  107  0010  1.5684  1.5636  -114.033  -114.527  -1.44716  -0.31483  -0  40
103  97  0011  1.5589  1.5554  -113.232  -113.813  -1.44116  -0.32683  -0  40
103  114  0012  1.5913  1.6167  -111.800  -112.033  -1.50116  -0.37483  -1  40
103  92  0013  1.5245  1.4433  -109.050  -117.532  -1.32716  -0.23683  -0  40
103  92  0014  1.5197  1.4433  -108.903  -117.532  -1.32716  -0.23683  -0  40
103  93  0015  1.4750  1.4433  -109.951  -117.532  -1.32716  -0.23683  -0  40
103  96  0016  1.5842  1.6136  -102.668  -104.140  -1.49516  -0.52483  -1  40
103  93  0017  1.5500  1.4433  -104.991  -117.532  -1.32716  -0.23683  -0  40
103  94  0018  1.5542  1.4433  -110.206  -117.532  -1.32716  -0.23683  -0  40
103  109  0019  1.4905  1.5006  -112.093  -112.203  -1.39316  -0.34483  -0  40
103  110  0020  1.4907  1.5001  -111.497  -111.868  -1.39316  -0.35083  -0  40
103  103  0021  1.4988  1.5063  -110.799  -111.618  -1.39916  -0.35683  -0  40
103  93  0022  1.5193  1.4433  -102.216  -117.532  -1.32716  -0.23683  -0  40
103  91  0023  1.4788  1.4433  -107.865  -117.532  -1.32716  -0.23683  -0  40
103  97  0024  1.5458  1.5456  -102.909  -102.886  -1.42916  -0.52483  -0  40
103  97  0025  1.5812  1.6129  -103.071  -104.451  -1.49516  -0.51883  -1  40
103  94  0026  1.5725  1.5902  -105.682  -106.332  -1.47716  -0.47683  -0  40
103  94  0027  1.5514  1.4433  -109.852  -117.532  -1.32716  -0.23683  -0  40
103  109  0028  1.5727  1.5721  -100.649  -99.295  -1.44116  -0.59683  -0  40
103  93  0029  1.5619  1.4433  -100.788  -117.532  -1.32716  -0.23683  -0  40
103  97  0030  1.4835  1.5001  -111.065  -111.868  -1.39316  -0.35083  -0  40
103  94  0031  1.5506  1.4433  -109.343  -117.532  -1.32716  -0.23683  -0  40
103  92  0032  1.5535  1.4433  -104.466  -117.532  -1.32716  -0.23683  -0  40
103  92  0033  1.5540  1.4433  -104.850  -117.532  -1.32716  -0.23683  -0  40
103  92  0034  1.5903  1.6144  -102.051  -103.829  -1.49516  -0.53083  -0  40
103  93  0035  1.5379  1.4433  -101.112  -117.532  -1.32716  -0.23683  -0  40
103  92  0036  1.5463  1.4433  -103.596  -117.532  -1.32716  -0.23683  -0  40
103  92  0037  1.5385  1.4433  -102.177  -117.532  -1.32716  -0.23683  -0  40
103  99  0038  1.5970  1.6237  -112.986  -112.420  -1.50716  -0.36883  -0  40
103  92  0039  1.5150  1.4433  -110.769  -117.532  -1.32716  -0.23683  -0  40
103  117  0040  1.5148  1.5143  -112.983  -112.699  -1.40516  -0.33883  -0  40
103  94  0041  1.5501  1.4433  -109.370  -117.532  -1.32716  -0.23683  -0  40
103  106  0042  1.4923  1.4434  -114.275  -112.820  -1.33916  -0.32083  -0  40
103  107  0043  1.5790  1.5895  -106.999  -106.965  -1.47716  -0.46483  -0  40
103  113  0044  1.5389  1.5311  -108.197  -107.349  -1.42316  -0.44083  -0  40
103  102  0045  1.5583  1.5554  -113.391  -113.813  -1.44116  -0.32683  -0  40
103  92  0046  1.5819  1.4433  -112.799  -117.532  -1.32716  -0.23683  -0  40
103  116  0047  1.4792  1.4494  -112.468  -112.557  -1.34516  -0.32683  -1  40
103  92  0048  1.5271  1.4433  -111.179  -117.532  -1.32716  -0.23683  -0  40
103  93  0049  1.5130  1.4433  -102.929  -117.532  -1.32716  -0.23683  -1  40
138  158  0000  1.5369  1.5313  -107.243  -107.020  -1.42316  -0.44683  -1  40
138  153  0001  1.5246  1.5198  -105.283  -105.819  -1.41116  -0.46483  -1  40
138  150  0002  1.5381  1.5317  -106.399  -106.692  -1.42316  -0.45283  -1  40
138  138  0003  1.4745  1.4765  -104.306  -104.693  -1.36916  -0.47083  -1  40
138  139  0004  1.5698  1.5636  -114.138  -114.527  -1.44716  -0.31483  -1  40
138  170  0005  1.5100  1.5123  -106.999  -106.707  -1.40516  -0.44683  -1  40
138  154  0006  1.5982  1.5962  -107.047  -106.749  -1.48316  -0.47083  -1  40
138  152  0007  1.5088  1.5077  -112.644  -112.619  -1.39916  -0.33883  -1  40
138  105  0008  1.5810  1.5751  -101.816  -101.763  -1.45316  -0.55483  -1  40
138  158  0009  1.5973  1.6162  -111.342  -111.722  -1.50116  -0.38083  -1  40
138  107  0010  1.5156  1.5329  -115.052  -115.153  -1.41716  -0.29683  -0  40
138  120  0011  1.5685  1.5659  -102.761  -102.599  -1.44716  -0.53683  -1  40
138  120  0012  1.6026  1.6285  -109.246  -111.261  -1.51316  -0.39283  -1  40
138  112  0013  1.5533  1.5499  -109.051  -108.301  -1.44116  -0.42883  -1  40
138  151  0014  1.5197  1.5143  -112.873  -112.699  -1.40516  -0.33883  -1  40
138  130  0015  1.5530  1.5441  -107.025  -107.225  -1.43516  -0.44683  -1  40
138  135  0016  1.4948  1.4992  -107.510  -106.829  -1.39316  -0.44083  -1  40
138  160  0017  1.5084  1.5078  -104.962  -105.266  -1.39916  -0.47083  -1  40
138  160  0018  1.5995  1.6158  -110.765  -111.411  -1.50116  -0.38683  -1  40
138  147  0019  1.4969  1.5001  -111.575  -111.868  -1.39316  -0.35083  -1  40
138  95  0020  1.5096  1.5053  -109.858  -110.615  -1.39916  -0.37483  -0  40
138  158  0021  1.5944  1.6033  -105.948  -106.221  -1.48916  -0.48283  -1  40
138  146  0022  1.5438  1.5317  -106.846  -106.692  -1.42316  -0.45283  -1  40
138  131  0023  1.5517  1.5527  -102.675  -102.682  -1.43516  -0.53083  -1  40
138  132  0024  1.5018  1.5053  -107.905  -107.269  -1.39916  -0.43483  -1  40
138  121  0025  1.5616  1.5608  -102.053  -102.159  -1.44116  -0.54283  -1  40
138  155  0026  1.5600  1.5570  -114.316  -114.457  -1.44116  -0.31483  -1  40
138  113  0027  1.5006  1.5043  -103.153  -103.817  -1.39316  -0.49483  -1  40
138  163  0028  1.5451  1.5521  -114.619  -115.033  -1.43516  -0.30283  -1  40
138  133  0029  1.4994  1.5063  -110.802  -111.618  -1.39916  -0.35683  -0  40
138  94  0030  1.5449  1.4433  -109.911  -117.532  -1.32716  -0.23683  -0  40
138  146  0031  1.5153  1.5146  -104.575  -105.046  -1.40516  -0.47683  -1  40
138  146  0032  1.5138  1.5149  -113.334  -113.031  -1.40516  -0.33283  -0  40
138  149  0033  1.4824  1.4879  -105.565  -105.600  -1.38116  -0.45883  -1  40
138  111  0034  1.5677  1.5632  -103.925  -103.559  -1.44716  -0.51883  -0  40
138  109  0035  1.5620  1.5627  -109.115  -108.815  -1.45316  -0.42283  -1  40
138  125  0036  1.5026  1.4929  -101.631  -101.106  -1.37516  -0.53683  -1  40
138  135  0037  1.5771  1.5898  -106.047  -106.649  -1.47716  -0.47083  -1  40
138  105  0038  1.5826  1.5812  -101.846  -101.884  -1.45916  -0.55483  -1  40
138  152  0039  1.5093  1.5067  -111.942  -111.952  -1.39916  -0.35083  -1  40
138  113  0040  1.5582  1.5637  -106.511  -106.882  -1.45316  -0.45883  -1  40
138  111  0041  1.5702  1.5715  -112.050  -112.114  -1.45916  -0.36283  -1  40
138  115  0042  1.5190  1.5329  -115.088  -115.153  -1.41716  -0.29683  -0  40
138  121  0043  1.5258  1.5194  -111.285  -111.787  -1.41116  -0.35683  -0  40
138  126  0044  1.5400  1.5395  -102.551  -102.766  -1.42316  -0.52483  -1  40
138  98  0045  1.5571  1.5641  -111.226  -111.391  -1.45316  -0.37483  -1  40
138  125  0046  1.5627  1.5630  -107.953  -107.848  -1.45316  -0.44083  -1  40
138  110  0047  1.5588  1.5641  -101.010  -101.200  -1.44116  -0.56083  -0  40
138  141  0048  1.4892  1.4933  -106.892  -106.385  -1.38716  -0.44683  -1  40
138  119  0049  1.5154  1.5245  -114.504  -114.427  -1.41116  -0.30883  -1  40
172  151  0000  1.5894  1.5913  -112.579  -112.350  -1.47716  -0.36283  -1  40
172  139  0001  1.5713  1.5692  -109.321  -109.229  -1.45916  -0.41683  -1  40
172  130  0002  1.5441  1.5509  -100.727  -101.271  -1.42916  -0.55483  -1  40
172  136  0003  1.5457  1.5462  -111.872  -112.441  -1.43516  -0.35083  -1  40
172  160  0004  1.5486  1.5476  -102.227  -102.239  -1.42916  -0.53683  -1  40
172  179  0005  1.4988  1.4907  -100.354  -99.971  -1.36916  -0.55483  -1  40
172  172  0006  1.4815  1.4827  -104.371  -104.810  -1.37516  -0.47083  -1  40
172  157  0007  1.4822  1.4841  -103.677  -104.133  -1.37516  -0.48283  -1  40
172  150  0008  1.5792  1.5928  -104.409  -104.753  -1.47716  -0.50683  -1  40
172  176  0009  1.5348  1.5348  -112.898  -113.263  -1.42316  -0.33283  -1  40
172  187  0010  1.5991  1.6158  -110.839  -111.411  -1.50116  -0.38683  -1  40
172  187  0011  1.4794  1.4820  -100.578  -100.507  -1.36316  -0.54283  -1  40
172  155  0012  1.5905  1.5887  -108.604  -108.233  -1.47716  -0.44083  -1  40
172  157  0013  1.5783  1.5906  -105.350  -106.016  -1.47716  -0.48283  -1  40
172  162  0014  1.5351  1.5266  -105.277  -105.598  -1.41716  -0.47083  -1  40
172  135  0015  1.5361  1.5325  -111.438  -111.953  -1.42316  -0.35683  -1  40
172  158  0016  1.4922  1.4897  -113.575  -113.386  -1.38116  -0.32083  -1  40
172  130  0017  1.5141  1.5262  -115.200  -115.084  -1.41116  -0.29683  -1  40
172  179  0018  1.4994  1.4907  -100.317  -99.971  -1.36916  -0.55483  -1  40
172  170  0019  1.4968  1.4997  -110.966  -111.532  -1.39316  -0.35683  -1  40
172  189  0020  1.5504  1.5503  -114.023  -114.387  -1.43516  -0.31483  -1  40
172  120  0021  1.6019  1.5912  -115.248  -115.116  -1.47116  -0.30883  -1  40
172  134  0022  1.5552  1.5589  -111.921  -112.276  -1.44716  -0.35683  -1  40
172  135  0023  1.5432  1.5370  -109.237  -108.433  -1.42916  -0.42283  -1  40
172  165  0024  1.5720  1.5753  -100.605  -100.056  -1.44716  -0.58483  -1  40
172  145  0025  1.5624  1.5570  -103.995  -103.444  -1.44116  -0.51883  -1  40
172  150  0026  1.5045  1.5043  -103.370  -103.817  -1.39316  -0.49483  -1  40
172  154  0027  1.5442  1.5325  -105.869  -106.035  -1.42316  -0.46483  -1  40
172  121  0028  1.5576  1.5547  -104.877  -104.411  -1.44116  -0.50083  -1  40
172  140  0029  1.5628  1.5650  -112.005  -112.034  -1.45316  -0.36283  -1  40
172  166  0030  1.5873  1.6012  -103.474  -103.920  -1.48316  -0.52483  -1  40
172  196  0031  1.5228  1.5198  -105.647  -105.819  -1.41116  -0.46483  -1  40
172  185  0032  1.5321  1.5247  -107.916  -107.247  -1.41716  -0.44083  -1  40
172  139  0033  1.4858  1.4866  -102.919  -103.120  -1.37516  -0.50083  -1  40
172  173  0034  1.4776  1.4692  -112.714  -112.806  -1.36316  -0.32683  -1  40
172  129  0035  1.4837  1.4855  -108.235  -107.970  -1.38116  -0.41683  -1  40
172  145  0036  1.5562  1.5499  -108.989  -108.301  -1.44116  -0.42883  -1  40
172  157  0037  1.5059  1.5053  -108.171  -107.269  -1.39916  -0.43483  -1  40
172  119  0038  1.5173  1.5176  -109.234  -108.471  -1.41116  -0.41683  -1  40
172  176  0039  1.4752  1.4759  -105.069  -105.033  -1.36916  -0.46483  -1  40
172  146  0040  1.5358  1.5298  -104.171  -103.955  -1.41716  -0.50083  -1  40
172  160  0041  1.5374  1.5395  -102.556  -102.766  -1.42316  -0.52483  -1  40
172  147  0042  1.5351  1.5414  -101.711  -102.117  -1.42316  -0.53683  -1  40
172  154  0043  1.5601  1.5540  -113.071  -113.167  -1.44116  -0.33883  -1  40
172  143  0044  1.5696  1.5666  -112.898  -112.997  -1.45316  -0.34483  -1  40
172  138  0045  1.5511  1.5492  -104.391  -103.974  -1.43516  -0.50683  -1  40
172  142  0046  1.5128  1.5050  -101.470  -101.365  -1.38716  -0.53683  -1  40
172  168  0047  1.5104  1.5117  -108.099  -107.373  -1.40516  -0.43483  -1  40
172  207  0048  1.5077  1.5126  -106.318  -106.374  -1.40516  -0.45283  -1  40
172  146  0049  1.5700  1.5691  -101.690  -101.642  -1.44716  -0.55483  -1  40
206  161  0000  1.4926  1.4787  -115.083  -114.247  -1.36916  -0.30283  -1  40
206  216  0001  1.5360  1.5463  -115.235  -115.288  -1.42916  -0.29683  -1  40
206  224  0002  1.5006  1.5059  -106.912  -106.601  -1.39916  -0.44683  -1  40
206  217  0003  1.4730  1.4626  -112.828  -112.723  -1.35716  -0.32683  -1  40
206  195  0004  1.5724  1.5695  -114.049  -114.278  -1.45316  -0.32083  -1  40
206  235  0005  1.5104  1.5123  -107.036  -106.707  -1.40516  -0.44683  -1  40
206  169  0006  1.5420  1.5340  -105.119  -105.052  -1.42316  -0.48283  -1  40
206  197  0007  1.5255  1.5320  -114.926  -114.826  -1.41716  -0.30283  -1  40
206  202  0008  1.4937  1.4868  -101.351  -100.975  -1.36916  -0.53683  -1  40
206  213  0009  1.5918  1.5997  -104.494  -104.547  -1.48316  -0.51283  -1  40
206  225  0010  1.5070  1.5078  -104.862  -105.266  -1.39916  -0.47083  -1  40
206  201  0011  1.4858  1.4896  -104.096  -104.588  -1.38116  -0.47683  -1  40
206  172  0012  1.5383  1.5425  -101.269  -101.793  -1.42316  -0.54283  -1  40
206  162  0013  1.5342  1.5364  -101.043  -101.669  -1.41716  -0.54283  -1  40
206  180  0014  1.5557  1.5569  -101.227  -101.396  -1.43516  -0.55483  -1  40
206  208  0015  1.5280  1.5378  -114.484  -114.570  -1.42316  -0.30883  -1  40
206  207  0016  1.5777  1.5831  -106.656  -106.865  -1.47116  -0.46483  -1  40
206  192  0017  1.5154  1.5170  -114.186  -114.024  -1.40516  -0.31483  -1  40
206  207  0018  1.5399  1.5414  -113.024  -113.340  -1.42916  -0.33283  -1  40
206  217  0019  1.5405  1.5377  -107.134  -107.123  -1.42916  -0.44683  -1  40
206  196  0020  1.5187  1.5159  -104.235  -104.383  -1.40516  -0.48883  -1  40
206  217  0021  1.4902  1.4952  -104.762  -105.040  -1.38716  -0.47083  -1  40
206  213  0022  1.5189  1.5181  -108.001  -107.475  -1.41116  -0.43483  -1  40
206  205  0023  1.4934  1.4881  -101.271  -100.640  -1.36916  -0.54283  -1  40
206  213  0024  1.5611  1.5561  -114.018  -114.135  -1.44116  -0.32083  -1  40
206  183  0025  1.4885  1.4779  -114.464  -113.907  -1.36916  -0.30883  -1  40
206  207  0026  1.4769  1.4765  -104.674  -104.693  -1.36916  -0.47083  -1  40
206  198  0027  1.5456  1.5436  -108.310  -107.877  -1.43516  -0.43483  -1  40
206  220  0028  1.6037  1.6155  -110.524  -111.099  -1.50116  -0.39283  -1  40
206  164  0029  1.6019  1.6063  -113.758  -113.442  -1.48916  -0.34483  -1  40
206  162  0030  1.6001  1.5997  -113.723  -113.370  -1.48316  -0.34483  -1  40
206  201  0031  1.4854  1.4879  -112.280  -112.373  -1.38116  -0.33883  -1  40
206  178  0032  1.5761  1.5764  -103.695  -103.469  -1.45916  -0.52483  -1  40
206  215  0033  1.5972  1.6096  -111.464  -111.643  -1.49516  -0.38083  -1  40
206  185  0034  1.5990  1.5952  -108.533  -108.011  -1.48316  -0.44683  -1  40
206  210  0035  1.4814  1.4874  -105.877  -105.938  -1.38116  -0.45283  -1  40
206  200  0036  1.5758  1.5760  -107.800  -107.722  -1.46516  -0.44683  -1  40
206  196  0037  1.5477  1.5474  -112.843  -113.091  -1.43516  -0.33883  -1  40
206  233  0038  1.4971  1.5004  -105.563  -105.823  -1.39316  -0.45883  -1  40
206  187  0039  1.5859  1.5905  -102.831  -103.066  -1.47116  -0.53683  -1  40
206  230  0040  1.5226  1.5183  -107.457  -107.144  -1.41116  -0.44083  -1  40
206  181  0041  1.5460  1.5388  -105.909  -106.142  -1.42916  -0.46483  -1  40
206  176  0042  1.5616  1.5594  -112.487  -112.599  -1.44716  -0.35083  -1  40
206  173  0043  1.5007  1.5007  -102.724  -102.696  -1.38716  -0.51283  -1  40
206  183  0044  1.5070  1.5055  -110.461  -110.949  -1.39916  -0.36883  -1  40
206  188  0045  1.5016  1.4929  -101.674  -101.106  -1.37516  -0.53683  -1  40
206  241  0046  1.5220  1.5190  -106.374  -106.481  -1.41116  -0.45283  -1  40
206  164  0047  1.5629  1.5712  -105.636  -106.022  -1.45916  -0.47683  -1  40
206  233  0048  1.5022  1.5059  -106.659  -106.601  -1.39916  -0.44683  -1  40
206  154  0049  1.5207  1.5183  -110.382  -110.793  -1.41116  -0.37483  -1  40
241  191  0000  1.5460  1.5452  -111.529  -111.790  -1.43516  -0.36283  -1  40
241  195  0001  1.5937  1.5895  -101.443  -101.375  -1.46516  -0.56683  -1  40
241  190  0002  1.5622  1.5712  -105.511  -106.022  -1.45916  -0.47683  -1  40
241  204  0003  1.4950  1.4985  -108.214  -107.837  -1.39316  -0.42283  -1  40
241  267  0004  1.5518  1.5512  -114.672  -114.710  -1.43516  -0.30883  -1  40
241  228  0005  1.5839  1.5896  -110.987  -111.085  -1.47716  -0.38683  -1  40
241  210  0006  1.5670  1.5660  -112.549  -112.676  -1.45316  -0.35083  -1  40
241  205  0007  1.4774  1.4862  -110.562  -111.020  -1.38116  -0.36283  -1  40
241  240  0008  1.5024  1.5017  -113.227  -112.872  -1.39316  -0.33283  -1  40
241  214  0009  1.5182  1.5201  -102.571  -102.731  -1.40516  -0.51883  -1  40
241  198  0010  1.5502  1.5518  -111.758  -111.872  -1.44116  -0.36283  -1  40
241  208  0011  1.5549  1.5528  -112.295  -112.520  -1.44116  -0.35083  -1  40
241  190  0012  1.5162  1.5118  -110.236  -110.704  -1.40516  -0.37483  -1  40
241  235  0013  1.6009  1.6086  -110.248  -110.705  -1.49516  -0.39883  -1  40
241  212  0014  1.5036  1.5037  -114.194  -113.875  -1.39316  -0.31483  -1  40
241  224  0015  1.4984  1.5035  -103.718  -104.150  -1.39316  -0.48883  -1  40
241  213  0016  1.4811  1.4849  -103.371  -103.795  -1.37516  -0.48883  -1  40
241  200  0017  1.5178  1.5122  -101.196  -101.163  -1.39316  -0.54283  -1  40
241  194  0018  1.6002  1.5932  -100.899  -100.435  -1.46516  -0.58483  -1  40
241  257  0019  1.5119  1.5141  -104.976  -105.377  -1.40516  -0.47083  -1  40
241  260  0020  1.5176  1.5183  -107.548  -107.144  -1.41116  -0.44083  -1  40
241  245  0021  1.5176  1.5133  -111.842  -112.035  -1.40516  -0.35083  -1  40
241  220  0022  1.5691  1.5659  -102.635  -102.599  -1.44716  -0.53683  -1  40
241  252  0023  1.5240  1.5244  -107.865  -107.577  -1.41716  -0.43483  -1  40
241  228  0024  1.5574  1.5568  -107.354  -107.426  -1.44716  -0.44683  -1  40
241  210  0025  1.5387  1.5361  -104.361  -104.070  -1.42316  -0.50083  -1  40
241  242  0026  1.5241  1.5229  -113.939  -113.769  -1.41116  -0.32083  -1  40
241  208  0027  1.5856  1.5887  -109.610  -109.818  -1.47716  -0.41083  -1  40
241  229  0028  1.5583  1.5566  -107.702  -107.750  -1.44716  -0.44083  -1  40
241  227  0029  1.5607  1.5566  -107.822  -107.750  -1.44716  -0.44083  -1  40
241  207  0030  1.5653  1.5624  -104.038  -103.880  -1.44716  -0.51283  -1  40
241  202  0031  1.5838  1.5812  -113.741  -113.783  -1.46516  -0.33283  -1  40
241  203  0032  1.5873  1.5828  -114.419  -114.417  -1.46516  -0.32083  -1  40
241  211  0033  1.5584  1.5581  -101.013  -101.075  -1.43516  -0.56083  -1  40
241  219  0034  1.5073  1.5051  -108.240  -107.604  -1.39916  -0.42883  -1  40
241  228  0035  1.4754  1.4739  -106.513  -106.397  -1.36916  -0.44083  -1  40
241  225  0036  1.5440  1.5466  -102.160  -102.562  -1.42916  -0.53083  -1  40
241  200  0037  1.5988  1.5997  -113.548  -113.370  -1.48316  -0.34483  -1  40
241  270  0038  1.5554  1.5587  -114.964  -115.101  -1.44116  -0.30283  -1  40
241  271  0039  1.5589  1.5587  -115.039  -115.101  -1.44116  -0.30283  -1  40
241  252  0040  1.5346  1.5370  -114.103  -114.244  -1.42316  -0.31483  -1  40
241  215  0041  1.5728  1.5777  -111.734  -111.875  -1.46516  -0.36883  -1  40
241  222  0042  1.5293  1.5315  -103.248  -103.300  -1.41716  -0.51283  -1  40
241  211  0043  1.5785  1.5810  -104.116  -104.217  -1.46516  -0.51283  -1  40
241  233  0044  1.5716  1.5695  -114.244  -114.278  -1.45316  -0.32083  -1  40
241  238  0045  1.4932  1.4951  -112.876  -112.792  -1.38716  -0.33283  -1  40
241  206  0046  1.4857  1.4823  -102.546  -102.321  -1.36916  -0.51283  -1  40
241  182  0047  1.5402  1.5383  -111.173  -111.381  -1.42916  -0.36883  -1  40
241  234  0048  1.4806  1.4712  -114.200  -113.830  -1.36316  -0.30883  -1  40
241  207  0049  1.4972  1.4989  -103.019  -103.363  -1.38716  -0.50083  -1  40
275  263  0000  1.5394  1.5402  -112.535  -112.688  -1.42916  -0.34483  -1  40
275  244  0001  1.5652  1.5655  -112.350  -112.355  -1.45316  -0.35683  -1  40
275  310  0002  1.5107  1.5126  -106.468  -106.374  -1.40516  -0.45283  -1  40
275  238  0003  1.5955  1.5872  -100.835  -100.309  -1.45916  -0.58483  -1  40
275  304  0004  1.5162  1.5135  -105.722  -105.710  -1.40516  -0.46483  -1  40
275  234  0005  1.5580  1.5578  -106.121  -106.457  -1.44716  -0.46483  -1  40
275  263  0006  1.5447  1.5466  -102.299  -102.562  -1.42916  -0.53083  -1  40
275  243  0007  1.5962  1.5886  -100.702  -99.996  -1.45916  -0.59083  -1  40
275  291  0008  1.5447  1.5436  -114.168  -114.315  -1.42916  -0.31483  -1  40
275  271  0009  1.5445  1.5380  -106.687  -106.796  -1.42916  -0.45283  -1  40
275  230  0010  1.4905  1.4862  -114.970  -114.659  -1.37516  -0.29683  -1  40
275  271  0011  1.4881  1.4929  -106.838  -106.722  -1.38716  -0.44083  -1  40
275  249  0012  1.5143  1.5174  -103.400  -103.721  -1.40516  -0.50083  -1  40
275  249  0013  1.5798  1.5787  -100.984  -100.814  -1.45316  -0.57283  -1  40
275  281  0014  1.5098  1.5117  -107.663  -107.373  -1.40516  -0.43483  -1  40
275  226  0015  1.4724  1.4727  -107.988  -107.764  -1.36916  -0.41683  -1  40
275  299  0016  1.5061  1.5072  -105.225  -105.599  -1.39916  -0.46483  -1  40
275  287  0017  1.5073  1.5077  -112.727  -112.619  -1.39916  -0.33883  -1  40
275  268  0018  1.5815  1.5902  -105.961  -106.332  -1.47716  -0.47683  -1  40
275  293  0019  1.5359  1.5313  -107.067  -107.020  -1.42316  -0.44683  -1  40
275  281  0020  1.4888  1.4890  -104.697  -104.925  -1.38116  -0.47083  -1  40
275  246  0021  1.5705  1.5769  -111.206  -111.237  -1.46516  -0.38083  -1  40
275  269  0022  1.5731  1.5762  -107.231  -107.403  -1.46516  -0.45283  -1  40
275  240  0023  1.5581  1.5563  -109.196  -109.044  -1.44716  -0.41683  -1  40
275  270  0024  1.5735  1.5753  -100.439  -100.056  -1.44716  -0.58483  -1  40
275  209  0025  1.5413  1.5445  -110.859  -111.139  -1.43516  -0.37483  -1  40
275  242  0026  1.5680  1.5660  -112.526  -112.676  -1.45316  -0.35083  -1  40
275  281  0027  1.4968  1.4992  -107.045  -106.829  -1.39316  -0.44083  -1  40
275  296  0028  1.5997  1.6067  -104.149  -104.342  -1.48916  -0.51883  -1  40
275  239  0029  1.5793  1.5746  -113.610  -113.711  -1.45916  -0.33283  -1  40
275  248  0030  1.5526  1.5558  -101.420  -101.717  -1.43516  -0.54883  -1  40
275  283  0031  1.5245  1.5215  -113.300  -113.109  -1.41116  -0.33283  -1  40
275  242  0032  1.5423  1.5430  -104.209  -103.860  -1.42916  -0.50683  -1  40
275  227  0033  1.5689  1.5734  -104.657  -104.744  -1.45916  -0.50083  -1  40
275  264  0034  1.5823  1.5779  -115.031  -114.983  -1.45916  -0.30883  -1  40
275  272  0035  1.5119  1.5090  -104.381  -104.600  -1.39916  -0.48283  -1  40
275  277  0036  1.5591  1.5561  -113.863  -114.135  -1.44116  -0.32083  -1  40
275  208  0037  1.5379  1.5379  -110.865  -111.054  -1.42916  -0.37483  -1  40
275  242  0038  1.5624  1.5660  -112.457  -112.676  -1.45316  -0.35083  -1  40
275  248  0039  1.5801  1.5873  -104.100  -104.328  -1.47116  -0.51283  -1  40
275  263  0040  1.5443  1.5447  -103.149  -103.210  -1.42916  -0.51883  -1  40
275  204  0041  1.5353  1.5379  -110.692  -111.054  -1.42916  -0.37483  -1  40
275  256  0042  1.5821  1.5770  -114.684  -114.666  -1.45916  -0.31483  -1  40
275  270  0043  1.5278  1.5264  -112.099  -112.199  -1.41716  -0.35083  -1  40
275  216  0044  1.5385  1.5400  -100.520  -100.696  -1.41716  -0.56083  -1  40
275  279  0045  1.5546  1.5561  -113.769  -114.135  -1.44116  -0.32083  -1  40
275  231  0046  1.5453  1.5416  -104.695  -104.510  -1.42916  -0.49483  -1  40
275  304  0047  1.5539  1.5521  -115.015  -115.033  -1.43516  -0.30283  -1  40
275  235  0048  1.4980  1.4983  -108.391  -108.173  -1.39316  -0.41683  -1  40
275  234  0049  1.4952  1.4985  -109.757  -110.189  -1.39316  -0.38083  -1  40
310  314  0000  1.5194  1.5222  -113.466  -113.439  -1.41116  -0.32683  -1  40
310  292  0001  1.5317  1.5324  -102.826  -102.973  -1.41716  -0.51883  -1  40
310  340  0002  1.5171  1.5131  -105.959  -106.042  -1.40516  -0.45883  -1  40
310  315  0003  1.4848  1.4884  -104.969  -105.263  -1.38116  -0.46483  -1  41
310  321  0004  1.4782  1.4774  -100.297  -100.035  -1.35716  -0.54883  -1  41
310  263  0005  1.5404  1.5387  -111.628  -111.708  -1.42916  -0.36283  -1  40
310  291  0006  1.5526  1.5547  -101.910  -102.038  -1.43516  -0.54283  -1  40
310  273  0007  1.4775  1.4795  -103.066  -103.335  -1.36916  -0.49483  -1  41
310  323  0008  1.5976  1.6060  -104.486  -104.655  -1.48916  -0.51283  -1  41
310  298  0009  1.5236  1.5245  -114.525  -114.427  -1.41116  -0.30883  -1  41
310  304  0010  1.4765  1.4712  -114.134  -113.830  -1.36316  -0.30883  -1  40
310  250  0011  1.5393  1.5400  -100.557  -100.696  -1.41716  -0.56083  -1  40
310  319  0012  1.5349  1.5387  -114.824  -114.895  -1.42316  -0.30283  -1  41
310  276  0013  1.5712  1.5732  -113.002  -113.073  -1.45916  -0.34483  -1  40
310  261  0014  1.5509  1.5498  -109.503  -109.275  -1.44116  -0.41083  -1  40
310  325  0015  1.5350  1.5313  -106.904  -107.020  -1.42316  -0.44683  -1  40
310  296  0016  1.5742  1.5695  -114.226  -114.278  -1.45316  -0.32083  -1  40
310  273  0017  1.5316  1.5305  -108.903  -108.336  -1.42316  -0.42283  -1  40
310  310  0018  1.4911  1.4940  -111.944  -112.119  -1.38716  -0.34483  -1  40
310  281  0019  1.4870  1.4834  -102.222  -101.984  -1.36916  -0.51883  -1  41
310  270  0020  1.4766  1.4732  -107.480  -107.080  -1.36916  -0.42883  -1  40
310  251  0021  1.4807  1.4789  -108.689  -108.548  -1.37516  -0.40483  -1  40
310  302  0022  1.4832  1.4825  -112.964  -112.968  -1.37516  -0.32683  -1  41
310  284  0023  1.5198  1.5192  -103.132  -103.061  -1.40516  -0.51283  -1  40
310  337  0024  1.6044  1.6116  -104.869  -105.074  -1.49516  -0.50683  -1  41
310  299  0025  1.5194  1.5194  -111.445  -111.787  -1.41116  -0.35683  -1  40
310  281  0026  1.4847  1.4928  -110.556  -111.109  -1.38716  -0.36283  -1  40
310  303  0027  1.5467  1.5444  -106.867  -106.899  -1.43516  -0.45283  -1  40
310  255  0028  1.5482  1.5514  -111.271  -111.548  -1.44116  -0.36883  -1  40
310  287  0029  1.5863  1.5821  -108.597  -108.456  -1.47116  -0.43483  -1  40
310  277  0030  1.5773  1.5810  -104.057  -104.217  -1.46516  -0.51283  -1  41
310  303  0031  1.5781  1.5712  -114.824  -114.916  -1.45316  -0.30883  -1  40
310  287  0032  1.5448  1.5438  -103.803  -103.535  -1.42916  -0.51283  -1  40
310  280  0033  1.5113  1.5130  -102.958  -102.940  -1.39916  -0.51283  -1  40
310  282  0034  1.5793  1.5826  -103.378  -103.583  -1.46516  -0.52483  -1  41
310  297  0035  1.5736  1.5760  -107.895  -107.722  -1.46516  -0.44683  -1  40
310  277  0036  1.5480  1.5497  -101.271  -101.593  -1.42916  -0.54883  -1  40
310  288  0037  1.5643  1.5606  -113.271  -113.243  -1.44716  -0.33883  -1  40
310  322  0038  1.5371  1.5313  -107.018  -107.020  -1.42316  -0.44683  -1  40
310  268  0039  1.5040  1.5048  -108.551  -108.273  -1.39916  -0.41683  -1  40
310  286  0040  1.5882  1.5788  -115.262  -115.300  -1.45916  -0.30283  -1  40
310  301  0041  1.4864  1.4879  -112.144  -112.373  -1.38116  -0.33883  -1  40
310  310  0042  1.4925  1.4935  -111.731  -111.783  -1.38716  -0.35083  -1  40
310  283  0043  1.5475  1.5462  -112.367  -112.441  -1.43516  -0.35083  -1  40
310  282  0044  1.5901  1.5886  -108.824  -108.550  -1.47716  -0.43483  -1  41
310  282  0045  1.5950  1.5984  -112.776  -112.741  -1.48316  -0.35683  -1  40
310  272  0046  1.5506  1.5521  -100.939  -100.950  -1.42916  -0.56083  -1  40
310  318  0047  1.5284  1.5288  -113.484  -113.515  -1.41716  -0.32683  -1  40
310  294  0048  1.5685  1.5698  -107.072  -107.304  -1.45916  -0.45283  -1  40
310  262  0049  1.4736  1.4797  -110.714  -110.931  -1.37516  -0.36283  -1  40
344  317  0000  1.4882  1.4845  -114.280  -113.984  -1.37516  -0.30883  -1  41
344  319  0001  1.5741  1.5765  -110.803  -110.917  -1.46516  -0.38683  -1  40
344  325  0002  1.5834  1.5916  -105.156  -105.384  -1.47716  -0.49483  -1  41
344  300  0003  1.5864  1.5820  -114.030  -114.101  -1.46516  -0.32683  -1  41
344  305  0004  1.5306  1.5255  -111.397  -111.540  -1.41716  -0.36283  -1  40
344  311  0005  1.4794  1.4795  -107.338  -107.187  -1.37516  -0.42883  -1  41
344  356  0006  1.5666  1.5645  -114.654  -114.848  -1.44716  -0.30883  -1  41
344  304  0007  1.5422  1.5423  -104.431  -104.185  -1.42916  -0.50083  -1  41
344  315  0008  1.5160  1.5192  -103.076  -103.061  -1.40516  -0.51283  -1  41
344  351  0009  1.4976  1.5015  -104.700  -105.153  -1.39316  -0.47083  -1  41
344  351  0010  1.5298  1.5281  -113.147  -113.187  -1.41716  -0.33283  -1  41
344  322  0011  1.4803  1.4870  -111.387  -111.697  -1.38116  -0.35083  -1  41
344  332  0012  1.5862  1.5900  -111.287  -111.401  -1.47716  -0.38083  -1  41
344  287  0013  1.5623  1.5603  -104.863  -104.845  -1.44716  -0.49483  -1  41
344  352  0014  1.4877  1.4937  -105.942  -106.049  -1.38716  -0.45283  -1  41
344  291  0015  1.4976  1.4982  -109.225  -109.181  -1.39316  -0.39883  -1  40
344  297  0016  1.5991  1.5995  -101.874  -102.240  -1.47716  -0.55483  -1  41
344  300  0017  1.5863  1.5812  -113.817  -113.783  -1.46516  -0.33283  -1  40
344  264  0018  1.5297  1.5309  -110.277  -110.310  -1.42316  -0.38683  -1  40
344  345  0019  1.4807  1.4816  -105.482  -105.488  -1.37516  -0.45883  -1  41
344  353  0020  1.5181  1.5143  -112.920  -112.699  -1.40516  -0.33883  -1  41
344  297  0021  1.5428  1.5448  -100.872  -101.146  -1.42316  -0.55483  -1  40
344  317  0022  1.5701  1.5680  -101.926  -101.960  -1.44716  -0.54883  -1  41
344  336  0023  1.5574  1.5547  -113.488  -113.490  -1.44116  -0.33283  -1  40
344  353  0024  1.4932  1.4933  -106.479  -106.385  -1.38716  -0.44683  -1  41
344  302  0025  1.5066  1.5048  -108.591  -108.273  -1.39916  -0.41683  -1  40
344  312  0026  1.5761  1.5786  -112.565  -112.512  -1.46516  -0.35683  -1  40
344  341  0027  1.5255  1.5198  -112.189  -112.118  -1.41116  -0.35083  -1  40
344  335  0028  1.4885  1.4879  -112.552  -112.373  -1.38116  -0.33883  -1  41
344  337  0029  1.5719  1.5693  -100.334  -99.928  -1.44116  -0.58483  -1  41
344  331  0030  1.4888  1.4891  -113.291  -113.049  -1.38116  -0.32683  -1  41
344  287  0031  1.5057  1.5047  -109.372  -109.277  -1.39916  -0.39883  -1  40
344  269  0032  1.5210  1.5176  -109.529  -109.134  -1.41116  -0.40483  -1  40
344  331  0033  1.5036  1.5014  -100.513  -100.571  -1.38116  -0.54883  -1  41
344  335  0034  1.5393  1.5320  -106.165  -106.363  -1.42316  -0.45883  -1  41
344  319  0035  1.5572  1.5534  -112.887  -112.844  -1.44116  -0.34483  -1  40
344  360  0036  1.5041  1.5056  -107.068  -106.935  -1.39916  -0.44083  -1  40
344  309  0037  1.5928  1.5872  -100.817  -100.309  -1.45916  -0.58483  -1  41
344  314  0038  1.4983  1.4989  -103.243  -103.363  -1.38716  -0.50083  -1  41
344  342  0039  1.5254  1.5303  -114.124  -114.171  -1.41716  -0.31483  -1  41
344  316  0040  1.4783  1.4787  -103.474  -103.674  -1.36916  -0.48883  -1  41
344  369  0041  1.5284  1.5250  -106.903  -106.917  -1.41716  -0.44683  -1  40
344  316  0042  1.4971  1.4971  -114.029  -113.799  -1.38716  -0.31483  -1  41
344  317  0043  1.5899  1.5872  -100.691  -100.309  -1.45916  -0.58483  -1  41
344  340  0044  1.4880  1.4896  -104.318  -104.588  -1.38116  -0.47683  -1  41
344  319  0045  1.5246  1.5190  -111.447  -111.456  -1.41116  -0.36283  -1  40
344  327  0046  1.5570  1.5565  -108.288  -108.073  -1.44716  -0.43483  -1  40
344  322  0047  1.5432  1.5476  -101.983  -102.239  -1.42916  -0.53683  -1  40
344  322  0048  1.5643  1.5659  -102.390  -102.599  -1.44716  -0.53683  -1  40
344  304  0049  1.5242  1.5186  -111.084  -111.124  -1.41116  -0.36883  -1  40
378  335  0000  1.4793  1.4793  -107.748  -107.527  -1.37516  -0.42283  -1  41
378  334  0001  1.5603  1.5628  -109.594  -109.459  -1.45316  -0.41083  -1  41
378  378  0002  1.5684  1.5636  -114.399  -114.527  -1.44716  -0.31483  -1  41
378  343  0003  1.5902  1.5887  -109.683  -109.818  -1.47716  -0.41083  -1  41
378  362  0004  1.5764  1.5835  -106.224  -106.547  -1.47116  -0.47083  -1  41
378  345  0005  1.5858  1.5863  -102.275  -102.319  -1.46516  -0.54883  -1  41
378  364  0006  1.5729  1.5760  -107.796  -107.722  -1.46516  -0.44683  -1  41
378  355  0007  1.5373  1.5368  -103.817  -103.744  -1.42316  -0.50683  -1  41
378  384  0008  1.5313  1.5288  -113.540  -113.515  -1.41716  -0.32683  -1  41
378  366  0009  1.5812  1.5824  -108.031  -107.819  -1.47116  -0.44683  -1  41
378  369  0010  1.5871  1.5888  -107.964  -107.916  -1.47716  -0.44683  -1  41
378  333  0011  1.5931  1.5931  -113.488  -113.296  -1.47716  -0.34483  -1  41
378  361  0012  1.5601  1.5566  -107.722  -107.750  -1.44716  -0.44083  -1  41
378  344  0013  1.4978  1.4956  -102.440  -102.237  -1.38116  -0.51883  -1  41
378  376  0014  1.5259  1.5270  -112.289  -112.529  -1.41716  -0.34483  -1  41
378  322  0015  1.5249  1.5255  -100.978  -101.090  -1.40516  -0.54883  -1  41
378  330  0016  1.5558  1.5564  -109.677  -109.691  -1.44716  -0.40483  -1  41
378  308  0017  1.5350  1.5340  -100.465  -100.567  -1.41116  -0.56083  -1  41
378  386  0018  1.5427  1.5421  -113.636  -113.665  -1.42916  -0.32683  -1  41
378  350  0019  1.4860  1.4834  -102.152  -101.984  -1.36916  -0.51883  -1  41
378  319  0020  1.5538  1.5534  -105.067  -105.057  -1.44116  -0.48883  -1  41
378  348  0021  1.5224  1.5211  -102.314  -102.402  -1.40516  -0.52483  -1  41
378  366  0022  1.5404  1.5395  -102.783  -102.766  -1.42316  -0.52483  -1  40
378  388  0023  1.5259  1.5198  -105.700  -105.819  -1.41116  -0.46483  -1  41
378  385  0024  1.5308  1.5288  -113.578  -113.515  -1.41716  -0.32683  -1  41
378  360  0025  1.5901  1.5908  -112.221  -112.034  -1.47716  -0.36883  -1  41
378  388  0026  1.5986  1.6047  -105.185  -105.281  -1.48916  -0.50083  -1  41
378  351  0027  1.5459  1.5486  -101.640  -101.916  -1.42916  -0.54283  -1  41
378  353  0028  1.5515  1.5534  -112.615  -112.844  -1.44116  -0.34483  -1  41
378  330  0029  1.5936  1.5907  -101.123  -101.061  -1.46516  -0.57283  -1  41
378  358  0030  1.5834  1.5779  -114.891  -114.983  -1.45916  -0.30883  -1  41
378  363  0031  1.5429  1.5435  -108.374  -108.204  -1.43516  -0.42883  -1  41
378  330  0032  1.5482  1.5546  -100.295  -100.308  -1.42916  -0.57283  -1  41
378  376  0033  1.4946  1.4997  -111.422  -111.532  -1.39316  -0.35683  -1  41
378  356  0034  1.5975  1.5979  -112.645  -112.427  -1.48316  -0.36283  -1  41
378  352  0035  1.5221  1.5253  -103.009  -103.181  -1.41116  -0.51283  -1  41
378  350  0036  1.5329  1.5325  -111.788  -111.953  -1.42316  -0.35683  -1  40
378  356  0037  1.5667  1.5679  -113.504  -113.638  -1.45316  -0.33283  -1  41
378  376  0038  1.4902  1.4935  -111.596  -111.783  -1.38716  -0.35083  -1  41
378  379  0039  1.5135  1.5128  -111.606  -111.703  -1.40516  -0.35683  -1  40
378  352  0040  1.5120  1.5113  -103.441  -103.603  -1.39916  -0.50083  -1  41
378  349  0041  1.4807  1.4849  -103.551  -103.795  -1.37516  -0.48883  -1  41
378  348  0042  1.5804  1.5834  -103.010  -103.266  -1.46516  -0.53083  -1  41
378  334  0043  1.5431  1.5397  -105.337  -105.489  -1.42916  -0.47683  -1  41
378  346  0044  1.4938  1.4987  -110.212  -110.525  -1.39316  -0.37483  -1  40
378  353  0045  1.4864  1.4845  -102.035  -101.647  -1.36916  -0.52483  -1  41
378  367  0046  1.5913  1.5962  -111.058  -111.167  -1.48316  -0.38683  -1  41
378  332  0047  1.5691  1.5717  -105.492  -105.702  -1.45916  -0.48283  -1  41
378  345  0048  1.5075  1.5088  -102.066  -102.155  -1.39316  -0.52483  -1  41
378  398  0049  1.5661  1.5654  -114.979  -115.168  -1.44716  -0.30283  -1  41
413  441  0000  1.5601  1.5587  -115.076  -115.101  -1.44116  -0.30283  -1  41
413  382  0001  1.5678  1.5704  -106.321  -106.663  -1.45916  -0.46483  -1  41
413  376  0002  1.5761  1.5791  -105.099  -105.171  -1.46516  -0.49483  -1  41
413  418  0003  1.5364  1.5348  -113.255  -113.263  -1.42316  -0.33283  -1  41
413  424  0004  1.5069  1.5072  -112.424  -112.285  -1.39916  -0.34483  -1  41
413  370  0005  1.4791  1.4804  -102.852  -102.997  -1.36916  -0.50083  -1  41
413  379  0006  1.5311  1.5353  -101.795  -101.994  -1.41716  -0.53683  -1  41
413  389  0007  1.5238  1.5253  -103.039  -103.181  -1.41116  -0.51283  -1  41
413  385  0008  1.5781  1.5756  -108.780  -108.681  -1.46516  -0.42883  -1  41
413  385  0009  1.5228  1.5262  -102.887  -102.853  -1.41116  -0.51883  -1  41
413  369  0010  1.4969  1.4985  -109.822  -110.189  -1.39316  -0.38083  -1  41
413  390  0011  1.4845  1.4862  -107.129  -106.953  -1.38116  -0.43483  -1  41
413  403  0012  1.4742  1.4758  -112.612  -112.887  -1.36916  -0.32683  -1  41
413  407  0013  1.5189  1.5198  -111.788  -112.118  -1.41116  -0.35083  -1  41
413  417  0014  1.5281  1.5288  -113.348  -113.515  -1.41716  -0.32683  -1  41
413  413  0015  1.5422  1.5377  -107.040  -107.123  -1.42916  -0.44683  -1  41
413  362  0016  1.5945  1.5907  -101.156  -101.061  -1.46516  -0.57283  -1  41
413  383  0017  1.4922  1.4919  -103.405  -103.578  -1.38116  -0.49483  -1  41
413  429  0018  1.5419  1.5436  -114.323  -114.315  -1.42916  -0.31483  -1  41
413  346  0019  1.5369  1.5400  -100.503  -100.696  -1.41716  -0.56083  -1  41
413  396  0020  1.4821  1.4841  -104.040  -104.133  -1.37516  -0.48283  -1  41
413  375  0021  1.5775  1.5757  -109.552  -109.640  -1.46516  -0.41083  -1  41
413  337  0022  1.5323  1.5311  -110.594  -110.639  -1.42316  -0.38083  -1  41
413  382  0023  1.5788  1.5786  -112.502  -112.512  -1.46516  -0.35683  -1  41
413  429  0024  1.4919  1.4941  -105.608  -105.712  -1.38716  -0.45883  -1  41
413  389  0025  1.4871  1.4911  -103.769  -103.914  -1.38116  -0.48883  -1  41
413  382  0026  1.5280  1.5255  -111.518  -111.540  -1.41716  -0.36283  -1  41
413  340  0027  1.4733  1.4790  -109.584  -109.910  -1.37516  -0.38083  -1  41
413  405  0028  1.5977  1.5956  -107.696  -107.380  -1.48316  -0.45883  -1  41
413  382  0029  1.5669  1.5691  -101.498  -101.642  -1.44716  -0.55483  -1  41
413  397  0030  1.5922  1.5958  -110.693  -110.852  -1.48316  -0.39283  -1  41
413  408  0031  1.4798  1.4811  -105.805  -105.827  -1.37516  -0.45283  -1  41
413  419  0032  1.5415  1.5421  -113.715  -113.665  -1.42916  -0.32683  -1  41
413  375  0033  1.5695  1.5686  -103.995  -103.993  -1.45316  -0.51283  -1  41
413  414  0034  1.5854  1.5892  -107.240  -107.282  -1.47716  -0.45883  -1  41
413  375  0035  1.5424  1.5436  -101.401  -101.469  -1.42316  -0.54883  -1  41
413  379  0036  1.5720  1.5692  -109.094  -108.908  -1.45916  -0.42283  -1  41
413  365  0037  1.6020  1.5946  -100.427  -100.122  -1.46516  -0.59083  -1  41
413  399  0038  1.5376  1.5395  -102.706  -102.766  -1.42316  -0.52483  -1  41
413  382  0039  1.5034  1.5027  -101.979  -102.029  -1.38716  -0.52483  -1  41
413  411  0040  1.5415  1.5414  -113.125  -113.340  -1.42916  -0.33283  -1  41
413  386  0041  1.4749  1.4728  -114.697  -114.512  -1.36316  -0.29683  -1  41
413  376  0042  1.5909  1.5885  -109.202  -109.184  -1.47716  -0.42283  -1  41
413  393  0043  1.5880  1.5887  -108.382  -108.233  -1.47716  -0.44083  -1  41
413  396  0044  1.4882  1.4928  -110.995  -111.109  -1.38716  -0.36283  -1  41
413  381  0045  1.5902  1.5886  -108.848  -108.550  -1.47716  -0.43483  -1  41
413  380  0046  1.5256  1.5282  -101.941  -102.197  -1.41116  -0.53083  -1  41
413  386  0047  1.4984  1.4971  -113.951  -113.799  -1.38716  -0.31483  -1  41
413  396  0048  1.5698  1.5687  -113.999  -113.958  -1.45316  -0.32683  -1  41
413  380  0049  1.5607  1.5641  -101.096  -101.200  -1.44116  -0.56083  -1  41
447  398  0000  1.6027  1.6014  -109.089  -109.049  -1.48916  -0.42883  -1  41
447  418  0001  1.5031  1.5053  -110.461  -110.615  -1.39916  -0.37483  -1  41
447  379  0002  1.5465  1.5502  -110.262  -110.250  -1.44116  -0.39283  -1  41
447  406  0003  1.5068  1.5050  -110.175  -110.281  -1.39916  -0.38083  -1  41
447  388  0004  1.5056  1.5062  -115.045  -114.874  -1.39316  -0.29683  -1  41
447  403  0005  1.5602  1.5638  -110.982  -111.069  -1.45316  -0.38083  -1  41
447  405  0006  1.4857  1.4875  -102.868  -102.783  -1.37516  -0.50683  -1  41
447  422  0007  1.4803  1.4798  -106.903  -106.846  -1.37516  -0.43483  -1  41
447  416  0008  1.5213  1.5177  -108.509  -108.139  -1.41116  -0.42283  -1  41
447  443  0009  1.5191  1.5179  -107.953  -107.807  -1.41116  -0.42883  -1  41
447  463  0010  1.5455  1.5436  -114.362  -114.315  -1.42916  -0.31483  -1  41
447  430  0011  1.5044  1.5055  -110.765  -110.949  -1.39916  -0.36883  -1  41
447  449  0012  1.5990  1.5959  -107.143  -107.065  -1.48316  -0.46483  -1  41
447  453  0013  1.5368  1.5362  -113.750  -113.917  -1.42316  -0.32083  -1  41
447  454  0014  1.5506  1.5495  -113.869  -114.063  -1.43516  -0.32083  -1  41
447  429  0015  1.4858  1.4903  -103.996  -104.251  -1.38116  -0.48283  -1  41
447  410  0016  1.5978  1.5985  -102.240  -102.553  -1.47716  -0.54883  -1  41
447  453  0017  1.4982  1.5006  -112.246  -112.203  -1.39316  -0.34483  -1  41
447  438  0018  1.5148  1.5163  -113.811  -113.693  -1.40516  -0.32083  -1  41
447  412  0019  1.5635  1.5655  -112.297  -112.355  -1.45316  -0.35683  -1  41
447  407  0020  1.5638  1.5628  -109.468  -109.459  -1.45316  -0.41083  -1  41
447  423  0021  1.5355  1.5343  -102.196  -102.320  -1.41716  -0.53083  -1  41
447  443  0022  1.6026  1.6082  -103.356  -103.718  -1.48916  -0.53083  -1  41
447  432  0023  1.5781  1.5835  -106.213  -106.547  -1.47116  -0.47083  -1  41
447  451  0024  1.5988  1.6037  -105.645  -105.907  -1.48916  -0.48883  -1  41
447  433  0025  1.5446  1.5466  -102.445  -102.562  -1.42916  -0.53083  -1  41
447  425  0026  1.5559  1.5563  -108.485  -108.397  -1.44716  -0.42883  -1  41
447  452  0027  1.5872  1.5895  -106.944  -106.965  -1.47716  -0.46483  -1  41
447  416  0028  1.5980  1.5985  -102.437  -102.553  -1.47716  -0.54883  -1  41
447  430  0029  1.6011  1.5954  -107.899  -107.695  -1.48316  -0.45283  -1  41
447  433  0030  1.5016  1.5001  -100.890  -100.903  -1.38116  -0.54283  -1  41
447  407  0031  1.5176  1.5171  -101.552  -101.620  -1.39916  -0.53683  -1  41
447  415  0032  1.5385  1.5361  -104.135  -104.070  -1.42316  -0.50083  -1  41
447  450  0033  1.5992  1.5962  -106.973  -106.749  -1.48316  -0.47083  -1  41
447  419  0034  1.4988  1.4971  -113.972  -113.799  -1.38716  -0.31483  -1  41
447  447  0035  1.5947  1.5997  -104.368  -104.547  -1.48316  -0.51283  -1  41
447  418  0036  1.4771  1.4798  -106.846  -106.846  -1.37516  -0.43483  -1  41
447  440  0037  1.5002  1.4989  -107.396  -107.165  -1.39316  -0.43483  -1  41
447  407  0038  1.5564  1.5578  -106.371  -106.457  -1.44716  -0.46483  -1  41
447  413  0039  1.5475  1.5451  -106.138  -106.248  -1.43516  -0.46483  -1  41
447  416  0040  1.5709  1.5707  -111.420  -111.474  -1.45916  -0.37483  -1  41
447  415  0041  1.5710  1.5692  -108.986  -108.908  -1.45916  -0.42283  -1  41
447  425  0042  1.5766  1.5761  -114.346  -114.348  -1.45916  -0.32083  -1  41
447  471  0043  1.5182  1.5183  -107.165  -107.144  -1.41116  -0.44083  -1  41
447  432  0044  1.5719  1.5765  -107.084  -107.084  -1.46516  -0.45883  -1  41
447  469  0045  1.5033  1.5059  -106.454  -106.601  -1.39916  -0.44683  -1  41
447  432  0046  1.5390  1.5385  -103.097  -103.092  -1.42316  -0.51883  -1  41
447  428  0047  1.4944  1.4917  -101.721  -101.441  -1.37516  -0.53083  -1  41
447  410  0048  1.5634  1.5655  -112.159  -112.355  -1.45316  -0.35683  -1  41
447  453  0049  1.6023  1.6029  -106.643  -106.535  -1.48916  -0.47683  -1  41
482  481  0000  1.4970  1.4997  -111.534  -111.532  -1.39316  -0.35683  -1  41
482  431  0001  1.4928  1.4928  -114.806  -114.731  -1.38116  -0.29683  -1  41
482  465  0002  1.4842  1.4841  -104.075  -104.133  -1.37516  -0.48283  -1  41
482  455  0003  1.5879  1.5896  -103.117  -103.381  -1.47116  -0.53083  -1  41
482  482  0004  1.5326  1.5348  -113.078  -113.263  -1.42316  -0.33283  -1  41
482  455  0005  1.5660  1.5629  -108.426  -108.170  -1.45316  -0.43483  -1  41
482  445  0006  1.5616  1.5624  -103.881  -103.880  -1.44716  -0.51283  -1  41
482  421  0007  1.5297  1.5317  -111.010  -111.296  -1.42316  -0.36883  -1  41
482  441  0008  1.5548  1.5563  -109.200  -109.044  -1.44716  -0.41683  -1  41
482  470  0009  1.4847  1.4874  -111.998  -112.035  -1.38116  -0.34483  -1  41
482  427  0010  1.5176  1.5183  -110.464  -110.793  -1.41116  -0.37483  -1  41
482  421  0011  1.5419  1.5460  -100.595  -100.823  -1.42316  -0.56083  -1  41
482  454  0012  1.4985  1.4971  -113.966  -113.799  -1.38716  -0.31483  -1  41
482  469  0013  1.4798  1.4834  -104.401  -104.471  -1.37516  -0.47683  -1  41
482  458  0014  1.5216  1.5253  -114.675  -114.756  -1.41116  -0.30283  -1  41
482  455  0015  1.5797  1.5848  -105.415  -105.595  -1.47116  -0.48883  -1  41
482  487  0016  1.5022  1.5006  -112.388  -112.203  -1.39316  -0.34483  -1  41
482  440  0017  1.5132  1.5187  -114.632  -114.685  -1.40516  -0.30283  -1  41
482  494  0018  1.6042  1.6047  -105.400  -105.281  -1.48916  -0.50083  -1  41
482  476  0019  1.4873  1.4869  -106.491  -106.277  -1.38116  -0.44683  -1  41
482  467  0020  1.5931  1.5950  -103.553  -103.808  -1.47716  -0.52483  -1  41
482  470  0021  1.5946  1.5969  -111.842  -111.797  -1.48316  -0.37483  -1  41
482  484  0022  1.5091  1.5117  -107.505  -107.373  -1.40516  -0.43483  -1  41
482  399  0023  1.5271  1.5241  -109.719  -109.559  -1.41716  -0.39883  -1  41
482  478  0024  1.5358  1.5320  -106.163  -106.363  -1.42316  -0.45883  -1  41
482  420  0025  1.5515  1.5565  -109.975  -110.015  -1.44716  -0.39883  -1  41
482  466  0026  1.6020  1.6040  -112.337  -112.190  -1.48916  -0.36883  -1  41
482  452  0027  1.5696  1.5669  -102.493  -102.279  -1.44716  -0.54283  -1  41
482  449  0028  1.5614  1.5570  -103.709  -103.444  -1.44116  -0.51883  -1  41
482  409  0029  1.5314  1.5327  -100.573  -100.892  -1.41116  -0.55483  -1  41
482  485  0030  1.5273  1.5275  -112.926  -112.858  -1.41716  -0.33883  -1  41
482  447  0031  1.5080  1.5088  -102.051  -102.155  -1.39316  -0.52483  -1  41
482  482  0032  1.4892  1.4881  -100.928  -100.640  -1.36916  -0.54283  -1  41
482  468  0033  1.5452  1.5466  -102.464  -102.562  -1.42916  -0.53083  -1  41
482  486  0034  1.5499  1.5487  -113.687  -113.739  -1.43516  -0.32683  -1  41
482  489  0035  1.4917  1.4952  -104.963  -105.040  -1.38716  -0.47083  -1  41
482  431  0036  1.5558  1.5564  -109.629  -109.691  -1.44716  -0.40483  -1  41
482  458  0037  1.5634  1.5641  -103.254  -103.239  -1.44716  -0.52483  -1  41
482  411  0038  1.4769  1.4788  -109.036  -109.229  -1.37516  -0.39283  -1  41
482  443  0039  1.5498  1.5498  -108.971  -108.950  -1.44116  -0.41683  -1  41
482  459  0040  1.4817  1.4841  -103.827  -104.133  -1.37516  -0.48283  -1  41
482  464  0041  1.5455  1.5447  -103.383  -103.210  -1.42916  -0.51883  -1  41
482  500  0042  1.5154  1.5141  -105.420  -105.377  -1.40516  -0.47083  -1  41
482  451  0043  1.5035  1.5051  -103.320  -103.484  -1.39316  -0.50083  -1  41
482  458  0044  1.5438  1.5476  -102.047  -102.239  -1.42916  -0.53683  -1  41
482  416  0045  1.5502  1.5502  -110.272  -110.250  -1.44116  -0.39283  -1  41
482  473  0046  1.5782  1.5753  -100.353  -100.056  -1.44716  -0.58483  -1  41
482  460  0047  1.5553  1.5517  -103.284  -103.004  -1.43516  -0.52483  -1  41
482  499  0048  1.5469  1.5512  -114.476  -114.710  -1.43516  -0.30883  -1  41
482  425  0049  1.5957  1.5945  -114.097  -113.926  -1.47716  -0.33283  -1  41
