43  132  0000  0.7438  0.5388  155.587  153.919  -0.23084  0.37869  1  50
43  129  0001  0.6945  0.5388  159.041  153.919  -0.23084  0.37869  1  50
43  131  0002  0.6963  0.5388  154.377  153.919  -0.23084  0.37869  1  50
43  148  0003  0.7544  0.7622  159.636  159.919  -0.38084  0.48069  1  50
43  129  0004  0.7236  0.5388  148.361  153.919  -0.23084  0.37869  1  50
43  133  0005  0.6478  0.5388  160.274  153.919  -0.23084  0.37869  1  50
43  144  0006  0.7449  0.7572  160.884  160.212  -0.38084  0.47469  1  50
43  131  0007  0.7704  0.5388  146.558  153.919  -0.23084  0.37869  1  50
43  130  0008  0.7539  0.5388  150.923  153.919  -0.23084  0.37869  1  50
43  130  0009  0.7378  0.5388  150.177  153.919  -0.23084  0.37869  1  50
43  131  0010  0.7122  0.5388  159.534  153.919  -0.23084  0.37869  1  50
43  129  0011  0.7166  0.5388  147.665  153.919  -0.23084  0.37869  1  50
43  131  0012  0.7111  0.5388  149.380  153.919  -0.23084  0.37869  1  50
43  130  0013  0.7036  0.5388  159.909  153.919  -0.23084  0.37869  1  50
43  129  0014  0.6972  0.5388  158.941  153.919  -0.23084  0.37869  1  50
43  131  0015  0.6581  0.5388  155.995  153.919  -0.23084  0.37869  1  50
43  130  0016  0.7732  0.5388  156.361  153.919  -0.23084  0.37869  1  51
43  132  0017  0.6780  0.5388  150.043  153.919  -0.23084  0.37869  1  50
43  130  0018  0.6900  0.5388  157.748  153.919  -0.23084  0.37869  1  50
43  132  0019  0.6827  0.5388  152.761  153.919  -0.23084  0.37869  1  50
43  131  0020  0.6909  0.5388  160.499  153.919  -0.23084  0.37869  1  50
43  130  0021  0.7507  0.5388  151.417  153.919  -0.23084  0.37869  1  50
43  130  0022  0.7732  0.5388  157.062  153.919  -0.23084  0.37869  1  51
43  135  0023  0.6140  0.5388  153.823  153.919  -0.23084  0.37869  1  50
43  136  0024  0.6266  0.5388  158.721  153.919  -0.23084  0.37869  1  50
43  129  0025  0.7202  0.5388  146.967  153.919  -0.23084  0.37869  1  50
43  134  0026  0.6246  0.5388  154.721  153.919  -0.23084  0.37869  1  50
43  133  0027  0.6458  0.5388  158.701  153.919  -0.23084  0.37869  1  50
43  130  0028  0.6514  0.5388  148.339  153.919  -0.23084  0.37869  1  50
43  147  0029  0.7778  0.7622  160.540  159.919  -0.38084  0.48069  1  50
43  130  0030  0.6988  0.5388  156.585  153.919  -0.23084  0.37869  1  50
43  130  0031  0.7400  0.5388  148.371  153.919  -0.23084  0.37869  1  50
43  134  0032  0.6373  0.5388  158.164  153.919  -0.23084  0.37869  1  50
43  132  0033  0.6704  0.5388  155.287  153.919  -0.23084  0.37869  1  50
43  130  0034  0.7658  0.5388  153.450  153.919  -0.23084  0.37869  1  51
43  130  0035  0.7635  0.5388  149.612  153.919  -0.23084  0.37869  1  50
43  131  0036  0.6525  0.5388  156.210  153.919  -0.23084  0.37869  1  50
43  131  0037  0.7396  0.5388  147.257  153.919  -0.23084  0.37869  1  50
43  130  0038  0.7301  0.5388  147.204  153.919  -0.23084  0.37869  1  50
43  130  0039  0.7068  0.5388  157.586  153.919  -0.23084  0.37869  1  50
43  131  0040  0.7238  0.5388  156.916  153.919  -0.23084  0.37869  1  50
43  132  0041  0.6143  0.5388  153.015  153.919  -0.23084  0.37869  1  50
43  131  0042  0.6622  0.5388  160.405  153.919  -0.23084  0.37869  1  50
43  130  0043  0.7641  0.5388  149.998  153.919  -0.23084  0.37869  1  50
43  131  0044  0.7543  0.5388  155.701  153.919  -0.23084  0.37869  1  50
43  132  0045  0.6495  0.5388  149.308  153.919  -0.23084  0.37869  1  50
43  131  0046  0.7585  0.5388  155.966  153.919  -0.23084  0.37869  1  50
43  132  0047  0.6913  0.5388  151.279  153.919  -0.23084  0.37869  1  50
43  131  0048  0.7390  0.5388  154.660  153.919  -0.23084  0.37869  1  50
43  130  0049  0.7026  0.5388  152.624  153.919  -0.23084  0.37869  1  50
87  130  0000  0.7437  0.5388  147.233  153.919  -0.23084  0.37869  1  51
87  135  0001  0.6437  0.5388  158.947  153.919  -0.23084  0.37869  1  50
87  130  0002  0.6267  0.5388  148.111  153.919  -0.23084  0.37869  1  50
87  143  0003  0.7071  0.7566  157.261  159.549  -0.37484  0.48069  1  50
87  132  0004  0.6653  0.5388  156.853  153.919  -0.23084  0.37869  1  50
87  141  0005  0.6247  0.5388  158.553  153.919  -0.23084  0.37869  1  50
87  133  0006  0.7069  0.5388  152.495  153.919  -0.23084  0.37869  1  50
87  128  0007  0.7317  0.5388  147.054  153.919  -0.23084  0.37869  1  50
87  130  0008  0.6814  0.5388  159.748  153.919  -0.23084  0.37869  1  50
87  136  0009  0.6312  0.5388  160.304  153.919  -0.23084  0.37869  1  50
87  133  0010  0.6437  0.5388  153.665  153.919  -0.23084  0.37869  1  50
87  171  0011  0.7255  0.7572  159.291  160.212  -0.38084  0.47469  1  50
87  146  0012  0.7223  0.7617  156.198  159.260  -0.37484  0.48669  1  50
87  132  0013  0.6648  0.5388  159.161  153.919  -0.23084  0.37869  1  50
87  133  0014  0.7285  0.5388  153.429  153.919  -0.23084  0.37869  1  51
87  130  0015  0.7187  0.5388  147.283  153.919  -0.23084  0.37869  1  50
87  130  0016  0.7384  0.5388  147.292  153.919  -0.23084  0.37869  1  50
87  181  0017  0.7395  0.7566  158.985  159.549  -0.37484  0.48069  1  50
87  133  0018  0.6532  0.5388  160.470  153.919  -0.23084  0.37869  1  50
87  131  0019  0.6687  0.5388  147.319  153.919  -0.23084  0.37869  1  50
87  129  0020  0.6790  0.5388  158.520  153.919  -0.23084  0.37869  1  50
87  131  0021  0.7588  0.5388  147.695  153.919  -0.23084  0.37869  1  51
87  130  0022  0.6327  0.5388  149.189  153.919  -0.23084  0.37869  1  50
87  167  0023  0.7333  0.7566  157.445  159.549  -0.37484  0.48069  1  50
87  133  0024  0.6555  0.5388  157.641  153.919  -0.23084  0.37869  1  50
87  130  0025  0.6586  0.5388  147.304  153.919  -0.23084  0.37869  1  50
87  133  0026  0.6586  0.5388  153.502  153.919  -0.23084  0.37869  1  50
87  133  0027  0.6990  0.7521  160.897  160.508  -0.38084  0.46869  1  50
87  137  0028  0.7009  0.7566  157.081  159.549  -0.37484  0.48069  1  50
87  132  0029  0.6323  0.5388  153.045  153.919  -0.23084  0.37869  1  50
87  129  0030  0.7254  0.5388  148.608  153.919  -0.23084  0.37869  1  50
87  130  0031  0.6816  0.5388  158.293  153.919  -0.23084  0.37869  1  50
87  131  0032  0.6730  0.5388  147.221  153.919  -0.23084  0.37869  1  50
87  140  0033  0.7416  0.7718  153.940  154.788  -0.33884  0.53469  1  50
87  139  0034  0.6151  0.5393  154.048  152.988  -0.22484  0.38469  1  50
87  164  0035  0.7243  0.7566  157.831  159.549  -0.37484  0.48069  1  50
87  132  0036  0.6948  0.5388  149.836  153.919  -0.23084  0.37869  1  50
87  135  0037  0.6931  0.7572  157.837  160.212  -0.38084  0.47469  1  50
87  131  0038  0.6890  0.5388  153.877  153.919  -0.23084  0.37869  1  50
87  141  0039  0.7777  0.7908  147.648  147.928  -0.27884  0.60669  1  50
87  138  0040  0.6271  0.5388  155.914  153.919  -0.23084  0.37869  1  50
87  174  0041  0.7326  0.7566  158.441  159.549  -0.37484  0.48069  1  50
87  154  0042  0.7091  0.7521  159.627  160.508  -0.38084  0.46869  1  50
87  129  0043  0.7108  0.5388  147.508  153.919  -0.23084  0.37869  1  50
87  133  0044  0.6360  0.5388  153.912  153.919  -0.23084  0.37869  1  50
87  130  0045  0.7575  0.5388  151.018  153.919  -0.23084  0.37869  1  51
87  176  0046  0.7398  0.7566  158.045  159.549  -0.37484  0.48069  1  50
87  141  0047  0.6249  0.5388  157.351  153.919  -0.23084  0.37869  1  50
87  140  0048  0.7023  0.7515  157.516  159.841  -0.37484  0.47469  1  50
87  159  0049  0.7156  0.7572  159.211  160.212  -0.38084  0.47469  1  50
130  146  0000  0.6392  0.6465  159.354  161.257  -0.33284  0.39669  1  50
130  132  0001  0.6714  0.5388  153.405  153.919  -0.23084  0.37869  1  50
130  165  0002  0.7032  0.7515  157.630  159.841  -0.37484  0.47469  1  50
130  129  0003  0.6880  0.5388  146.836  153.919  -0.23084  0.37869  1  50
130  131  0004  0.6329  0.5388  151.674  153.919  -0.23084  0.37869  1  50
130  176  0005  0.7627  0.7730  151.702  152.839  -0.32084  0.55269  0  51
130  131  0006  0.6273  0.5388  147.518  153.919  -0.23084  0.37869  1  50
130  151  0007  0.7570  0.7667  149.130  149.393  -0.28484  0.57669  0  51
130  131  0008  0.6647  0.5388  155.329  153.919  -0.23084  0.37869  1  50
130  131  0009  0.6248  0.5388  146.194  153.919  -0.23084  0.37869  1  51
130  130  0010  0.6640  0.5388  146.318  153.919  -0.23084  0.37869  1  50
130  131  0011  0.6739  0.5388  155.971  153.919  -0.23084  0.37869  1  50
130  133  0012  0.6930  0.5388  150.268  153.919  -0.23084  0.37869  1  50
130  134  0013  0.6793  0.6729  159.599  161.048  -0.34484  0.41469  1  51
130  176  0014  0.7095  0.7471  160.403  160.809  -0.38084  0.46269  1  51
130  143  0015  0.7439  0.7543  149.089  150.491  -0.29084  0.55869  1  51
130  131  0016  0.7119  0.5388  151.614  153.919  -0.23084  0.37869  1  51
130  132  0017  0.6351  0.5388  152.512  153.919  -0.23084  0.37869  1  50
130  150  0018  0.7394  0.7487  149.717  150.719  -0.29084  0.55269  1  51
130  140  0019  0.7224  0.7431  150.034  150.951  -0.29084  0.54669  1  50
130  164  0020  0.7740  0.7838  149.306  148.762  -0.28484  0.59469  0  51
130  129  0021  0.7049  0.5388  149.179  153.919  -0.23084  0.37869  1  50
130  144  0022  0.7486  0.7610  148.866  149.609  -0.28484  0.57069  0  51
130  129  0023  0.6158  0.5388  149.998  153.919  -0.23084  0.37869  1  50
130  157  0024  0.6205  0.6375  160.767  162.759  -0.33884  0.37869  0  50
130  217  0025  0.7548  0.7617  157.917  159.260  -0.37484  0.48669  1  50
130  153  0026  0.7300  0.7661  154.842  156.354  -0.35084  0.51669  1  51
130  206  0027  0.7342  0.7566  157.832  159.549  -0.37484  0.48069  1  50
130  132  0028  0.6596  0.5388  150.498  153.919  -0.23084  0.37869  1  50
130  148  0029  0.7491  0.7761  146.131  147.252  -0.26684  0.60069  0  50
130  132  0030  0.6478  0.5388  147.588  153.919  -0.23084  0.37869  1  50
130  131  0031  0.6721  0.5388  157.396  153.919  -0.23084  0.37869  1  50
130  134  0032  0.6474  0.5388  154.000  153.919  -0.23084  0.37869  1  50
130  197  0033  0.7604  0.7769  154.964  155.184  -0.34484  0.53469  0  51
130  130  0034  0.6502  0.5388  148.155  153.919  -0.23084  0.37869  1  50
130  134  0035  0.6271  0.5388  153.243  153.919  -0.23084  0.37869  1  50
130  132  0036  0.7125  0.5388  151.748  153.919  -0.23084  0.37869  1  51
130  128  0037  0.7349  0.5388  146.978  153.919  -0.23084  0.37869  1  51
130  139  0038  0.6361  0.5388  158.499  153.919  -0.23084  0.37869  1  50
130  132  0039  0.6722  0.5388  150.237  153.919  -0.23084  0.37869  1  50
130  131  0040  0.6742  0.5388  157.523  153.919  -0.23084  0.37869  1  51
130  163  0041  0.7510  0.7583  150.627  151.583  -0.30284  0.55269  0  51
130  150  0042  0.6192  0.5388  158.699  153.919  -0.23084  0.37869  1  50
130  167  0043  0.6511  0.6523  161.001  161.675  -0.33884  0.39669  1  50
130  133  0044  0.6589  0.5388  155.132  153.919  -0.23084  0.37869  1  50
130  189  0045  0.7146  0.7465  159.311  160.138  -0.37484  0.46869  1  50
130  132  0046  0.6571  0.5388  148.079  153.919  -0.23084  0.37869  1  50
130  193  0047  0.7575  0.7772  153.795  154.538  -0.33884  0.54069  0  51
130  144  0048  0.6197  0.5393  154.528  152.988  -0.22484  0.38469  1  50
130  133  0049  0.6886  0.5388  150.863  153.919  -0.23084  0.37869  1  50
173  128  0000  0.6916  0.5388  146.483  153.919  -0.23084  0.37869  1  51
173  136  0001  0.7049  0.5388  152.965  153.919  -0.23084  0.37869  1  51
173  132  0002  0.6930  0.5388  151.146  153.919  -0.23084  0.37869  1  51
173  130  0003  0.6372  0.5388  147.440  153.919  -0.23084  0.37869  1  51
173  217  0004  0.7477  0.7620  152.814  153.322  -0.32084  0.54069  0  51
173  272  0005  0.7491  0.7572  159.883  160.212  -0.38084  0.47469  0  51
173  233  0006  0.7570  0.7716  154.857  155.439  -0.34484  0.52869  0  51
173  266  0007  0.7527  0.7617  158.547  159.260  -0.37484  0.48669  0  51
173  131  0008  0.6872  0.5388  154.880  153.919  -0.23084  0.37869  1  51
173  192  0009  0.6542  0.6572  159.913  161.324  -0.33884  0.40269  1  51
173  207  0010  0.6360  0.6473  160.954  162.031  -0.33884  0.39069  1  51
173  143  0011  0.7060  0.7280  148.537  150.293  -0.27884  0.54069  0  51
173  156  0012  0.6802  0.6773  158.876  159.973  -0.33884  0.42669  1  51
173  150  0013  0.6595  0.6506  154.415  153.184  -0.27284  0.46269  1  50
173  195  0014  0.6185  0.6317  160.828  162.342  -0.33284  0.37869  1  51
173  133  0015  0.6782  0.5388  154.353  153.919  -0.23084  0.37869  1  50
173  144  0016  0.6238  0.5393  154.299  152.988  -0.22484  0.38469  1  50
173  215  0017  0.7586  0.7680  151.664  152.426  -0.31484  0.55269  0  51
173  151  0018  0.6238  0.5388  156.359  153.919  -0.23084  0.37869  1  50
173  241  0019  0.7669  0.7714  156.595  156.742  -0.35684  0.51669  0  51
173  180  0020  0.7426  0.7553  148.802  149.829  -0.28484  0.56469  0  51
173  151  0021  0.6402  0.6423  149.686  150.638  -0.24884  0.47469  0  50
173  180  0022  0.7251  0.7609  155.286  157.281  -0.35684  0.50469  1  51
173  130  0023  0.7141  0.5388  147.092  153.919  -0.23084  0.37869  1  51
173  273  0024  0.7666  0.7622  160.476  159.919  -0.38084  0.48069  0  51
173  142  0025  0.7121  0.7609  154.130  155.961  -0.34484  0.51669  1  51
173  134  0026  0.7056  0.5388  152.780  153.919  -0.23084  0.37869  1  51
173  248  0027  0.7587  0.7665  157.263  158.321  -0.36884  0.49869  0  51
173  132  0028  0.6939  0.5388  149.860  153.919  -0.23084  0.37869  1  51
173  180  0029  0.6808  0.6779  160.108  160.713  -0.34484  0.42069  1  51
173  186  0030  0.6998  0.7364  159.762  160.743  -0.37484  0.45669  1  51
173  194  0031  0.7221  0.7562  156.229  158.885  -0.36884  0.48669  1  51
173  132  0032  0.6620  0.6499  155.787  154.728  -0.28484  0.45069  1  50
173  199  0033  0.7733  0.7770  149.751  149.610  -0.29084  0.58269  0  51
173  131  0034  0.6333  0.5388  147.869  153.919  -0.23084  0.37869  1  51
173  142  0035  0.6239  0.6153  146.947  144.458  -0.18884  0.49269  0  50
173  130  0036  0.6810  0.5388  149.876  153.919  -0.23084  0.37869  1  51
173  271  0037  0.7711  0.7673  159.481  159.630  -0.38084  0.48669  0  51
173  146  0038  0.6881  0.7515  156.291  159.841  -0.37484  0.47469  1  50
173  186  0039  0.7491  0.7646  147.223  147.651  -0.26684  0.58869  0  51
173  134  0040  0.6629  0.5388  156.374  153.919  -0.23084  0.37869  1  51
173  168  0041  0.7016  0.7511  156.401  159.174  -0.36884  0.48069  1  51
173  209  0042  0.7421  0.7661  155.491  156.354  -0.35084  0.51669  0  51
173  229  0043  0.7195  0.7471  160.213  160.809  -0.38084  0.46269  1  51
173  261  0044  0.7429  0.7566  158.701  159.549  -0.37484  0.48069  0  51
173  132  0045  0.6607  0.5388  148.288  153.919  -0.23084  0.37869  1  51
173  129  0046  0.6727  0.5388  147.679  153.919  -0.23084  0.37869  1  51
173  196  0047  0.7655  0.7656  149.730  150.044  -0.29084  0.57069  0  51
173  147  0048  0.6716  0.6567  152.730  152.136  -0.26684  0.47469  1  50
173  135  0049  0.7016  0.5388  152.987  153.919  -0.23084  0.37869  1  51
217  181  0000  0.6298  0.6453  157.929  159.705  -0.32084  0.40869  0  50
217  170  0001  0.6152  0.6303  151.865  151.977  -0.25484  0.45669  1  50
217  155  0002  0.6878  0.6672  153.195  152.347  -0.27284  0.48069  1  51
217  161  0003  0.6238  0.6342  154.432  154.064  -0.27284  0.44469  1  50
217  153  0004  0.6838  0.6847  150.451  150.820  -0.26684  0.50469  0  51
217  220  0005  0.6991  0.7050  161.028  161.244  -0.36284  0.43269  1  51
217  209  0006  0.7217  0.7383  149.301  150.509  -0.28484  0.54669  0  51
217  233  0007  0.7321  0.7431  150.703  150.951  -0.29084  0.54669  0  51
217  258  0008  0.7608  0.7680  151.780  152.426  -0.31484  0.55269  0  51
217  249  0009  0.6456  0.6523  160.895  161.675  -0.33884  0.39669  0  51
217  286  0010  0.7673  0.7715  157.057  157.393  -0.36284  0.51069  0  51
217  193  0011  0.6433  0.6451  154.200  153.472  -0.27284  0.45669  1  50
217  242  0012  0.7673  0.7724  149.016  149.179  -0.28484  0.58269  0  51
217  178  0013  0.6683  0.6583  150.679  150.614  -0.25484  0.48669  0  50
217  258  0014  0.7349  0.7559  156.847  158.221  -0.36284  0.49269  0  51
217  239  0015  0.7361  0.7423  151.099  151.625  -0.29684  0.54069  0  51
217  235  0016  0.6553  0.6572  160.118  161.324  -0.33884  0.40269  0  51
217  176  0017  0.7152  0.7555  154.525  156.227  -0.34484  0.51069  0  51
217  203  0018  0.7185  0.7559  155.679  158.221  -0.36284  0.49269  0  51
217  220  0019  0.6729  0.6672  159.769  160.638  -0.33884  0.41469  0  51
217  149  0020  0.6814  0.6607  155.650  154.139  -0.28484  0.46269  1  51
217  254  0021  0.7239  0.7511  157.494  159.174  -0.36884  0.48069  0  51
217  161  0022  0.6312  0.6393  155.341  154.551  -0.27884  0.44469  1  50
217  240  0023  0.7093  0.7364  160.393  160.743  -0.37484  0.45669  0  51
217  223  0024  0.6721  0.6672  159.882  160.638  -0.33884  0.41469  1  51
217  151  0025  0.6270  0.5388  156.462  153.919  -0.23084  0.37869  1  51
217  204  0026  0.6521  0.6463  151.730  151.919  -0.26084  0.46869  0  50
217  220  0027  0.7472  0.7646  146.878  147.651  -0.26684  0.58869  0  51
217  247  0028  0.7688  0.7735  148.608  148.535  -0.27884  0.58869  0  51
217  130  0029  0.6903  0.5388  147.037  153.919  -0.23084  0.37869  1  51
217  232  0030  0.7215  0.7507  156.659  158.505  -0.36284  0.48669  0  51
217  177  0031  0.6329  0.6340  148.350  148.815  -0.23084  0.48069  0  50
217  204  0032  0.6454  0.6463  151.358  151.919  -0.26084  0.46869  0  50
217  149  0033  0.6861  0.7515  155.908  159.841  -0.37484  0.47469  1  51
217  237  0034  0.7077  0.7364  160.185  160.743  -0.37484  0.45669  0  51
217  166  0035  0.6638  0.6549  156.421  155.965  -0.29684  0.44469  1  51
217  154  0036  0.6906  0.7511  155.755  159.174  -0.36884  0.48069  1  51
217  232  0037  0.6777  0.6729  160.697  161.048  -0.34484  0.41469  1  51
217  134  0038  0.6838  0.7026  148.041  149.370  -0.26084  0.52869  0  51
217  172  0039  0.6907  0.7460  157.097  159.466  -0.36884  0.47469  1  51
217  239  0040  0.6614  0.6622  160.510  160.978  -0.33884  0.40869  0  51
217  286  0041  0.7685  0.7715  157.009  157.393  -0.36284  0.51069  0  51
217  128  0042  0.6887  0.5388  146.981  153.919  -0.23084  0.37869  1  51
217  170  0043  0.6283  0.6453  157.532  159.705  -0.32084  0.40869  0  50
217  232  0044  0.7359  0.7610  154.365  155.300  -0.33884  0.52269  0  51
217  166  0045  0.6142  0.6226  148.588  149.334  -0.23084  0.46869  0  50
217  166  0046  0.6308  0.6393  155.090  154.551  -0.27884  0.44469  1  50
217  153  0047  0.6855  0.7515  156.314  159.841  -0.37484  0.47469  1  51
217  277  0048  0.7408  0.7562  157.364  158.885  -0.36884  0.48669  0  51
217  178  0049  0.6612  0.6553  155.386  154.431  -0.28484  0.45669  1  50
260  185  0000  0.6828  0.6912  149.134  149.846  -0.26084  0.51669  0  51
260  245  0001  0.7169  0.7311  152.142  152.111  -0.29684  0.52869  0  51
260  214  0002  0.6161  0.6162  147.203  146.631  -0.20684  0.48069  0  51
260  199  0003  0.6493  0.6410  147.495  147.786  -0.22484  0.49269  0  51
260  328  0004  0.7590  0.7663  157.233  157.665  -0.36284  0.50469  0  51
260  330  0005  0.7720  0.7772  154.128  154.538  -0.33884  0.54069  0  52
260  242  0006  0.7254  0.7556  155.302  156.892  -0.35084  0.50469  0  51
260  213  0007  0.6630  0.6550  155.901  155.198  -0.29084  0.45069  1  51
260  249  0008  0.7422  0.7543  146.817  147.404  -0.26084  0.58269  0  51
260  245  0009  0.7397  0.7543  146.946  147.404  -0.26084  0.58269  0  51
260  195  0010  0.6557  0.6396  146.712  145.699  -0.20684  0.50469  0  51
260  282  0011  0.7363  0.7471  151.689  152.058  -0.30284  0.54069  0  51
260  290  0012  0.7428  0.7515  152.956  153.152  -0.31484  0.53469  0  51
260  195  0013  0.6258  0.6393  155.085  154.551  -0.27884  0.44469  0  50
260  298  0014  0.7488  0.7612  154.085  154.640  -0.33284  0.52869  0  51
260  266  0015  0.7045  0.7157  160.817  161.305  -0.36884  0.43869  0  52
260  316  0016  0.7575  0.7662  156.337  157.010  -0.35684  0.51069  0  51
260  353  0017  0.7584  0.7578  161.070  160.873  -0.38684  0.46869  0  51
260  201  0018  0.7119  0.7300  153.594  153.483  -0.30884  0.51669  0  51
260  223  0019  0.6623  0.6583  150.185  150.614  -0.25484  0.48669  0  51
260  303  0020  0.7777  0.7805  147.650  147.692  -0.27284  0.60069  0  51
260  224  0021  0.6267  0.6401  153.088  152.981  -0.26684  0.45669  0  50
260  213  0022  0.6752  0.6630  151.178  151.109  -0.26084  0.48669  0  51
260  213  0023  0.6999  0.7404  156.906  159.084  -0.36284  0.47469  1  51
260  358  0024  0.7584  0.7572  160.493  160.212  -0.38084  0.47469  0  51
260  287  0025  0.7674  0.7735  148.352  148.535  -0.27884  0.58869  0  51
260  342  0026  0.7394  0.7515  159.270  159.841  -0.37484  0.47469  0  51
260  242  0027  0.6373  0.6414  150.716  151.417  -0.25484  0.46869  0  50
260  192  0028  0.6897  0.6839  151.951  151.551  -0.27284  0.49869  0  51
260  198  0029  0.7175  0.7326  146.573  147.564  -0.25484  0.56469  0  51
260  204  0030  0.6459  0.6410  147.775  147.786  -0.22484  0.49269  0  51
260  159  0031  0.6945  0.7095  146.617  148.435  -0.25484  0.54069  0  51
260  172  0032  0.6935  0.7140  147.227  148.908  -0.26084  0.54069  0  51
260  276  0033  0.7087  0.7257  160.137  160.675  -0.36884  0.45069  0  51
260  179  0034  0.6131  0.5388  156.101  153.919  -0.23084  0.37869  1  51
260  244  0035  0.6570  0.6519  152.012  151.644  -0.26084  0.47469  0  50
260  224  0036  0.6474  0.6432  149.272  149.861  -0.24284  0.48069  0  50
260  322  0037  0.7663  0.7714  156.227  156.742  -0.35684  0.51669  0  51
260  224  0038  0.7308  0.7500  146.112  146.947  -0.25484  0.58269  0  51
260  200  0039  0.6546  0.6413  146.511  144.929  -0.20084  0.51069  0  51
260  327  0040  0.7776  0.7767  156.343  156.478  -0.35684  0.52269  0  51
260  215  0041  0.7079  0.7507  156.076  158.505  -0.36284  0.48669  0  51
260  228  0042  0.6575  0.6502  154.914  153.955  -0.27884  0.45669  1  50
260  198  0043  0.6722  0.6655  156.767  156.870  -0.30884  0.44469  1  51
260  286  0044  0.7721  0.7724  149.267  149.179  -0.28484  0.58269  0  51
260  294  0045  0.7480  0.7527  151.465  151.819  -0.30284  0.54669  0  51
260  199  0046  0.6822  0.6820  157.637  158.912  -0.33284  0.43869  1  51
260  203  0047  0.7206  0.7383  146.445  147.355  -0.25484  0.57069  0  51
260  219  0048  0.6720  0.6630  151.088  151.109  -0.26084  0.48669  0  51
260  218  0049  0.7278  0.7428  146.647  147.817  -0.26084  0.57069  0  51
304  251  0000  0.6770  0.6616  153.636  152.621  -0.27284  0.47469  0  51
304  310  0001  0.6837  0.6836  160.661  161.115  -0.35084  0.42069  0  52
304  321  0002  0.7784  0.7751  150.696  150.897  -0.30284  0.57069  0  52
304  239  0003  0.6753  0.6604  155.792  154.899  -0.29084  0.45669  1  51
304  397  0004  0.7674  0.7628  160.548  160.576  -0.38684  0.47469  0  51
304  357  0005  0.7338  0.7511  158.029  159.174  -0.36884  0.48069  0  52
304  257  0006  0.6538  0.6496  156.015  155.501  -0.29084  0.44469  0  51
304  288  0007  0.6495  0.6457  153.076  152.695  -0.26684  0.46269  0  50
304  368  0008  0.7701  0.7714  156.680  156.742  -0.35684  0.51669  0  52
304  212  0009  0.7101  0.7399  154.501  155.011  -0.32684  0.51069  0  52
304  255  0010  0.7255  0.7383  146.669  147.355  -0.25484  0.57069  0  51
304  220  0011  0.6242  0.6390  156.238  156.909  -0.29684  0.42669  0  51
304  331  0012  0.6443  0.6523  160.966  161.675  -0.33884  0.39669  0  51
304  262  0013  0.7259  0.7370  147.367  148.028  -0.26084  0.56469  0  51
304  224  0014  0.6839  0.6866  148.830  149.363  -0.25484  0.51669  0  51
304  258  0015  0.6485  0.6489  148.834  149.603  -0.24284  0.48669  0  51
304  265  0016  0.6963  0.7144  158.569  159.904  -0.35684  0.45069  0  52
304  233  0017  0.7080  0.7255  147.184  148.461  -0.26084  0.55269  0  51
304  262  0018  0.6670  0.6630  150.726  151.109  -0.26084  0.48669  0  51
304  323  0019  0.7461  0.7487  150.310  150.719  -0.29084  0.55269  0  52
304  297  0020  0.6675  0.6666  159.292  159.886  -0.33284  0.42069  0  51
304  222  0021  0.6849  0.6762  157.151  157.747  -0.32084  0.44469  1  52
304  267  0022  0.6159  0.6301  158.923  160.756  -0.32084  0.39069  0  51
304  283  0023  0.7066  0.7353  157.990  159.380  -0.36284  0.46869  0  52
304  266  0024  0.6225  0.6310  150.543  151.183  -0.24884  0.46269  0  50
304  268  0025  0.6502  0.6479  149.571  150.373  -0.24884  0.48069  0  51
304  269  0026  0.6394  0.6447  154.315  154.250  -0.27884  0.45069  0  50
304  281  0027  0.6449  0.6451  153.896  153.472  -0.27284  0.45669  0  50
304  291  0028  0.6895  0.6936  159.865  160.459  -0.35084  0.43269  0  52
304  363  0029  0.7697  0.7725  153.243  153.488  -0.32684  0.54669  0  52
304  299  0030  0.7321  0.7456  153.815  154.074  -0.32084  0.52269  0  52
304  269  0031  0.6250  0.6359  151.768  151.695  -0.25484  0.46269  0  50
304  325  0032  0.7131  0.7307  159.739  160.367  -0.36884  0.45669  0  52
304  366  0033  0.7515  0.7611  157.369  157.941  -0.36284  0.49869  0  52
304  325  0034  0.7674  0.7724  149.206  149.179  -0.28484  0.58269  0  52
304  235  0035  0.6844  0.6721  153.554  152.823  -0.27884  0.48069  0  51
304  239  0036  0.6510  0.6468  147.645  147.545  -0.22484  0.49869  -0  51
304  241  0037  0.6376  0.6443  156.585  156.589  -0.29684  0.43269  0  51
304  270  0038  0.6433  0.6432  149.379  149.861  -0.24284  0.48069  0  51
304  330  0039  0.7206  0.7460  158.284  159.466  -0.36884  0.47469  0  52
304  252  0040  0.6544  0.6549  156.624  156.732  -0.30284  0.43869  0  51
304  284  0041  0.7133  0.7223  150.003  150.528  -0.27884  0.53469  0  51
304  211  0042  0.6173  0.6285  155.247  155.166  -0.27884  0.43269  0  51
304  337  0043  0.7724  0.7748  148.070  147.893  -0.27284  0.59469  0  52
304  236  0044  0.6253  0.6339  154.929  154.856  -0.27884  0.43869  0  50
304  256  0045  0.7054  0.7233  148.710  149.837  -0.27284  0.54069  0  51
304  326  0046  0.7436  0.7609  155.126  155.961  -0.34484  0.51669  0  52
304  253  0047  0.6470  0.6354  146.245  145.148  -0.20084  0.50469  -0  51
304  341  0048  0.7603  0.7631  151.751  152.007  -0.30884  0.55269  0  52
304  243  0049  0.6639  0.6592  149.060  149.856  -0.24884  0.49269  0  51
347  240  0000  0.6768  0.6744  146.930  147.138  -0.23084  0.52269  -0  52
347  251  0001  0.6735  0.6730  147.712  147.874  -0.23684  0.51669  -0  52
347  270  0002  0.7044  0.7198  147.426  148.683  -0.26084  0.54669  0  52
347  278  0003  0.6860  0.6727  152.852  152.077  -0.27284  0.48669  0  51
347  359  0004  0.6718  0.6729  160.645  161.048  -0.34484  0.41469  0  52
347  366  0005  0.7140  0.7257  160.126  160.675  -0.36884  0.45069  0  52
347  364  0006  0.7553  0.7600  150.040  150.266  -0.29084  0.56469  -0  52
347  249  0007  0.6714  0.6615  146.437  145.578  -0.21284  0.52269  -0  52
347  340  0008  0.7145  0.7404  157.935  159.084  -0.36284  0.47469  0  52
347  394  0009  0.7603  0.7675  152.840  153.079  -0.32084  0.54669  -0  52
347  344  0010  0.7129  0.7353  158.382  159.380  -0.36284  0.46869  0  52
347  270  0011  0.7125  0.7268  146.725  147.777  -0.25484  0.55869  0  52
347  380  0012  0.7726  0.7748  147.985  147.893  -0.27284  0.59469  -0  52
347  378  0013  0.7697  0.7687  151.738  151.774  -0.30884  0.55869  -0  53
347  279  0014  0.6752  0.6656  155.928  155.360  -0.29684  0.45669  0  52
347  399  0015  0.7638  0.7725  153.103  153.488  -0.32684  0.54669  -0  52
347  295  0016  0.6931  0.6982  158.408  159.419  -0.34484  0.44469  0  52
347  293  0017  0.6659  0.6656  157.392  157.625  -0.31484  0.43869  0  52
347  352  0018  0.7516  0.7601  146.889  147.202  -0.26084  0.58869  -0  52
347  333  0019  0.6536  0.6560  158.911  159.797  -0.32684  0.41469  0  52
347  320  0020  0.6616  0.6519  151.815  151.644  -0.26084  0.47469  0  51
347  320  0021  0.6351  0.6401  153.249  152.981  -0.26684  0.45669  0  51
347  287  0022  0.6138  0.6254  150.736  151.463  -0.24884  0.45669  0  51
347  440  0023  0.7691  0.7673  159.389  159.630  -0.38084  0.48669  -0  52
347  398  0024  0.7412  0.7562  157.644  158.885  -0.36884  0.48669  0  52
347  270  0025  0.6247  0.6339  157.088  158.027  -0.30284  0.41469  0  51
347  332  0026  0.6451  0.6463  151.512  151.919  -0.26084  0.46869  -0  51
347  314  0027  0.6187  0.6136  146.142  145.259  -0.19484  0.48669  -0  52
347  387  0028  0.7559  0.7625  152.187  152.664  -0.31484  0.54669  -0  52
347  305  0029  0.7241  0.7453  154.321  154.748  -0.32684  0.51669  0  52
347  368  0030  0.6328  0.6416  160.936  161.613  -0.33284  0.39069  0  52
347  286  0031  0.6938  0.7007  150.388  150.793  -0.27284  0.51669  0  51
347  353  0032  0.7192  0.7404  157.846  159.084  -0.36284  0.47469  0  52
347  409  0033  0.7348  0.7460  158.889  159.466  -0.36884  0.47469  0  52
347  297  0034  0.6352  0.6340  148.171  148.815  -0.23084  0.48069  -0  51
347  311  0035  0.7226  0.7503  155.884  157.166  -0.35084  0.49869  0  52
347  303  0036  0.7242  0.7451  154.671  155.422  -0.33284  0.51069  0  52
347  233  0037  0.6891  0.6904  146.643  147.196  -0.23684  0.53469  0  52
347  330  0038  0.6482  0.6470  151.136  151.145  -0.25484  0.47469  0  51
347  250  0039  0.6907  0.6716  154.647  153.569  -0.28484  0.47469  0  52
347  359  0040  0.7354  0.7431  150.375  150.951  -0.29084  0.54669  0  52
347  276  0041  0.6315  0.6443  156.759  157.369  -0.30284  0.42669  0  51
347  401  0042  0.7596  0.7666  154.369  154.387  -0.33284  0.53469  0  52
347  278  0043  0.6660  0.6603  148.821  149.100  -0.24284  0.49869  -0  51
347  315  0044  0.6579  0.6527  150.493  150.877  -0.25484  0.48069  0  51
347  271  0045  0.6803  0.6658  155.079  154.606  -0.29084  0.46269  0  52
347  338  0046  0.6712  0.6723  159.444  160.303  -0.33884  0.42069  0  52
347  259  0047  0.6831  0.6708  156.212  155.814  -0.30284  0.45669  1  52
347  386  0048  0.7519  0.7620  152.900  153.322  -0.32084  0.54069  0  52
347  253  0049  0.6900  0.6980  147.677  148.891  -0.25484  0.52869  0  52
390  338  0000  0.7198  0.7351  153.751  153.911  -0.31484  0.51669  0  53
390  295  0001  0.6912  0.6771  154.179  153.291  -0.28484  0.48069  0  52
390  324  0002  0.7111  0.7198  147.642  148.683  -0.26084  0.54669  0  52
390  331  0003  0.6795  0.6734  151.375  151.333  -0.26684  0.49269  0  52
390  399  0004  0.7350  0.7504  156.630  157.836  -0.35684  0.49269  0  53
390  346  0005  0.6639  0.6553  154.934  154.431  -0.28484  0.45669  0  51
390  296  0006  0.6677  0.6599  146.772  146.325  -0.21884  0.51669  -0  52
390  295  0007  0.6848  0.6761  156.428  156.261  -0.30884  0.45669  0  52
390  340  0008  0.6394  0.6500  157.742  158.594  -0.31484  0.42069  0  52
390  347  0009  0.6272  0.6346  152.903  153.273  -0.26684  0.45069  0  51
390  374  0010  0.7305  0.7346  148.852  149.382  -0.27284  0.55269  0  52
390  341  0011  0.6426  0.6354  146.142  145.148  -0.20084  0.50469  -0  52
390  315  0012  0.6870  0.6776  152.932  152.551  -0.27884  0.48669  0  52
390  335  0013  0.6785  0.6672  152.818  152.347  -0.27284  0.48069  0  52
390  334  0014  0.6795  0.6727  152.129  152.077  -0.27284  0.48669  0  52
390  338  0015  0.6188  0.6303  151.698  151.977  -0.25484  0.45669  0  51
390  327  0016  0.7001  0.7103  151.751  151.714  -0.28484  0.51669  0  52
390  258  0017  0.6977  0.6921  155.726  155.382  -0.30884  0.47469  0  53
390  353  0018  0.7277  0.7451  154.968  155.422  -0.33284  0.51069  0  53
390  338  0019  0.6205  0.6272  149.102  149.867  -0.23684  0.46869  -0  51
390  402  0020  0.7546  0.7553  149.605  149.829  -0.28484  0.56469  -0  53
390  313  0021  0.7046  0.7349  156.889  158.697  -0.35684  0.47469  0  53
390  380  0022  0.7472  0.7558  146.147  146.747  -0.25484  0.58869  -0  52
390  311  0023  0.6882  0.6969  148.886  149.606  -0.26084  0.52269  -0  52
390  274  0024  0.6880  0.6904  146.612  147.196  -0.23684  0.53469  -0  52
390  322  0025  0.7107  0.7250  153.171  153.050  -0.30284  0.51669  0  52
390  400  0026  0.6806  0.6786  161.039  161.451  -0.35084  0.41469  0  53
390  274  0027  0.6962  0.6821  154.660  153.753  -0.29084  0.48069  0  52
390  336  0028  0.6181  0.6226  149.125  149.334  -0.23084  0.46869  -0  51
390  395  0029  0.7099  0.7257  160.250  160.675  -0.36884  0.45069  0  53
390  454  0030  0.7758  0.7715  157.198  157.393  -0.36284  0.51069  -0  53
390  338  0031  0.6486  0.6496  156.298  156.274  -0.29684  0.43869  0  51
390  273  0032  0.7065  0.7188  154.620  154.704  -0.31484  0.49869  0  53
390  387  0033  0.6780  0.6779  160.014  160.713  -0.34484  0.42069  0  52
390  300  0034  0.6692  0.6672  147.694  148.108  -0.23684  0.51069  -0  52
390  332  0035  0.6743  0.6687  150.545  150.848  -0.26084  0.49269  0  51
390  366  0036  0.6272  0.6352  159.232  160.400  -0.32084  0.39669  0  52
390  362  0037  0.7202  0.7305  152.828  152.796  -0.30284  0.52269  0  52
390  440  0038  0.7265  0.7414  159.917  160.438  -0.37484  0.46269  0  52
390  330  0039  0.6995  0.7140  158.027  159.201  -0.35084  0.45669  0  53
390  474  0040  0.7683  0.7669  158.571  158.976  -0.37484  0.49269  -0  52
390  412  0041  0.7420  0.7471  151.498  152.058  -0.30284  0.54069  -0  53
390  318  0042  0.6821  0.6666  153.640  153.099  -0.27884  0.47469  0  52
390  368  0043  0.6375  0.6407  151.654  152.199  -0.26084  0.46269  -0  51
390  314  0044  0.6766  0.6708  156.724  156.563  -0.30884  0.45069  0  52
390  374  0045  0.7173  0.7263  151.507  151.669  -0.29084  0.52869  0  52
390  278  0046  0.6968  0.6876  154.250  153.478  -0.29084  0.48669  0  52
390  420  0047  0.7727  0.7736  151.768  152.190  -0.31484  0.55869  -0  53
390  417  0048  0.7625  0.7639  151.032  151.351  -0.30284  0.55869  -0  53
390  320  0049  0.6516  0.6468  147.388  147.545  -0.22484  0.49869  -0  52
434  439  0000  0.6522  0.6565  159.885  160.561  -0.33284  0.40869  0  52
434  401  0001  0.6397  0.6451  153.754  153.472  -0.27284  0.45669  -0  51
434  496  0002  0.7732  0.7767  156.361  156.478  -0.35684  0.52269  -0  53
434  527  0003  0.7682  0.7622  160.173  159.919  -0.38084  0.48069  -0  52
434  328  0004  0.6947  0.6876  153.944  153.478  -0.29084  0.48669  0  53
434  394  0005  0.6554  0.6536  150.085  150.112  -0.24884  0.48669  -0  52
434  449  0006  0.7726  0.7703  150.275  150.473  -0.29684  0.57069  -0  54
434  456  0007  0.6520  0.6572  160.970  161.324  -0.33884  0.40269  -0  53
434  390  0008  0.6226  0.6178  146.526  145.829  -0.20084  0.48669  -0  52
434  496  0009  0.7714  0.7772  154.168  154.538  -0.33884  0.54069  -0  53
434  511  0010  0.7508  0.7562  158.472  158.885  -0.36884  0.48669  0  53
434  364  0011  0.6704  0.6655  156.595  156.870  -0.30884  0.44469  0  52
434  434  0012  0.7364  0.7460  153.628  153.401  -0.31484  0.52869  0  53
434  411  0013  0.7238  0.7289  149.090  149.608  -0.27284  0.54669  -0  53
434  416  0014  0.6499  0.6463  151.862  151.919  -0.26084  0.46869  -0  51
434  374  0015  0.7068  0.7298  157.493  158.993  -0.35684  0.46869  0  53
434  394  0016  0.6623  0.6583  150.670  150.614  -0.25484  0.48669  -0  52
434  408  0017  0.6353  0.6414  150.984  151.417  -0.25484  0.46869  -0  51
434  352  0018  0.7017  0.7096  152.699  152.420  -0.29084  0.51069  0  53
434  397  0019  0.6633  0.6556  153.941  153.665  -0.27884  0.46269  0  52
434  464  0020  0.7711  0.7748  147.719  147.893  -0.27284  0.59469  -0  53
434  419  0021  0.6123  0.6201  160.700  161.484  -0.32084  0.37869  -0  52
434  494  0022  0.7692  0.7715  156.886  157.393  -0.36284  0.51069  -0  53
434  450  0023  0.6475  0.6515  160.583  160.907  -0.33284  0.40269  -0  53
434  392  0024  0.6296  0.6376  149.583  150.124  -0.24284  0.47469  -0  51
434  398  0025  0.6543  0.6555  158.245  159.032  -0.32084  0.42069  0  52
434  433  0026  0.6465  0.6509  159.718  160.137  -0.32684  0.40869  0  52
434  382  0027  0.6486  0.6443  148.791  149.086  -0.23684  0.48669  -0  52
434  465  0028  0.7507  0.7610  155.150  155.300  -0.33884  0.52269  0  53
434  382  0029  0.6359  0.6393  154.855  154.551  -0.27884  0.44469  0  51
434  410  0030  0.7211  0.7311  152.416  152.111  -0.29684  0.52869  0  53
434  454  0031  0.7166  0.7257  160.392  160.675  -0.36884  0.45069  0  53
434  492  0032  0.7327  0.7421  160.929  161.114  -0.38084  0.45669  0  53
434  490  0033  0.7654  0.7714  155.709  156.091  -0.35084  0.52269  -0  53
434  421  0034  0.6961  0.6993  160.290  160.855  -0.35684  0.43269  0  53
434  315  0035  0.6948  0.6977  146.160  146.267  -0.23084  0.54669  -0  53
434  394  0036  0.6536  0.6499  154.877  154.728  -0.28484  0.45069  0  52
434  397  0037  0.6385  0.6397  153.990  153.766  -0.27284  0.45069  0  51
434  364  0038  0.7004  0.7191  157.797  158.898  -0.35084  0.46269  0  53
434  429  0039  0.7040  0.7100  160.521  160.922  -0.36284  0.43869  0  53
434  366  0040  0.6842  0.6790  151.180  151.074  -0.26684  0.49869  0  52
434  398  0041  0.6654  0.6623  151.863  151.864  -0.26684  0.48069  0  52
434  415  0042  0.7340  0.7403  148.581  149.159  -0.27284  0.55869  -0  53
434  387  0043  0.6557  0.6552  157.721  158.266  -0.31484  0.42669  0  52
434  395  0044  0.6323  0.6401  153.282  152.981  -0.26684  0.45669  0  51
434  453  0045  0.6506  0.6572  160.810  161.324  -0.33884  0.40269  -0  53
434  448  0046  0.7173  0.7358  159.363  160.062  -0.36884  0.46269  0  53
434  360  0047  0.7161  0.7246  153.905  153.742  -0.30884  0.51069  0  53
434  462  0048  0.7780  0.7793  148.591  148.330  -0.27884  0.59469  -0  53
434  407  0049  0.6576  0.6506  153.545  153.184  -0.27284  0.46269  0  51
477  535  0000  0.7382  0.7460  158.764  159.466  -0.36884  0.47469  0  54
477  471  0001  0.7090  0.7201  159.884  160.292  -0.36284  0.45069  0  54
477  571  0002  0.7631  0.7622  160.082  159.919  -0.38084  0.48069  -0  53
477  388  0003  0.6624  0.6556  146.543  145.795  -0.21284  0.51669  -1  53
477  387  0004  0.6222  0.6285  156.956  157.565  -0.29684  0.41469  0  52
477  416  0005  0.6534  0.6500  148.710  148.835  -0.23684  0.49269  -0  52
477  457  0006  0.6417  0.6463  151.690  151.919  -0.26084  0.46869  -0  51
477  388  0007  0.6872  0.6771  153.852  153.291  -0.28484  0.48069  0  53
477  476  0008  0.6722  0.6723  160.199  160.303  -0.33884  0.42069  0  53
477  396  0009  0.6570  0.6526  147.219  147.309  -0.22484  0.50469  -1  53
477  382  0010  0.6981  0.7136  157.355  158.498  -0.34484  0.46269  0  54
477  500  0011  0.6456  0.6465  160.990  161.257  -0.33284  0.39669  -0  53
477  382  0012  0.7065  0.7166  146.931  147.518  -0.24884  0.55269  -0  53
477  459  0013  0.7085  0.7251  159.149  159.984  -0.36284  0.45669  0  54
477  526  0014  0.7293  0.7414  159.848  160.438  -0.37484  0.46269  0  54
477  536  0015  0.7648  0.7662  157.029  157.010  -0.35684  0.51069  -0  54
477  427  0016  0.6305  0.6329  148.879  149.602  -0.23684  0.47469  -0  52
477  444  0017  0.7153  0.7349  157.644  158.697  -0.35684  0.47469  0  54
477  410  0018  0.6761  0.6661  154.376  153.852  -0.28484  0.46869  0  53
477  419  0019  0.6455  0.6496  156.314  156.274  -0.29684  0.43869  0  52
477  448  0020  0.7309  0.7401  154.141  154.332  -0.32084  0.51669  0  54
477  430  0021  0.7224  0.7300  153.663  153.483  -0.30884  0.51669  0  54
477  425  0022  0.6756  0.6679  151.929  151.597  -0.26684  0.48669  0  52
477  389  0023  0.6807  0.6710  155.622  155.065  -0.29684  0.46269  0  53
477  454  0024  0.6378  0.6453  159.088  159.705  -0.32084  0.40869  -0  53
477  548  0025  0.7534  0.7614  158.129  158.601  -0.36884  0.49269  -0  54
477  427  0026  0.7173  0.7250  153.115  153.050  -0.30284  0.51669  0  54
477  456  0027  0.6523  0.6463  152.031  151.919  -0.26084  0.46869  -0  52
477  494  0028  0.7669  0.7667  149.379  149.393  -0.28484  0.57669  -0  54
477  403  0029  0.6732  0.6656  156.040  155.360  -0.29684  0.45669  0  53
477  561  0030  0.7513  0.7566  159.058  159.549  -0.37484  0.48069  -0  53
477  420  0031  0.6191  0.6226  149.044  149.334  -0.23084  0.46869  -0  52
477  497  0032  0.7414  0.7465  152.451  152.729  -0.30884  0.53469  -0  54
477  468  0033  0.7224  0.7271  150.786  150.980  -0.28484  0.53469  -0  53
477  392  0034  0.6702  0.6660  148.537  148.855  -0.24284  0.50469  -0  53
477  489  0035  0.7435  0.7555  155.807  156.227  -0.34484  0.51069  0  54
477  418  0036  0.6196  0.6239  158.593  159.511  -0.30884  0.39669  0  53
477  357  0037  0.7015  0.7186  156.431  157.501  -0.33884  0.47469  0  54
477  400  0038  0.6600  0.6557  148.162  148.589  -0.23684  0.49869  -0  53
477  424  0039  0.6284  0.6346  153.676  153.273  -0.26684  0.45069  0  52
477  420  0040  0.6564  0.6549  156.385  155.965  -0.29684  0.44469  0  52
477  470  0041  0.6988  0.6993  160.830  160.855  -0.35684  0.43269  0  54
477  481  0042  0.7107  0.7207  160.897  160.988  -0.36884  0.44469  0  54
477  491  0043  0.7734  0.7751  150.795  150.897  -0.30284  0.57069  -0  54
477  400  0044  0.7078  0.7152  147.636  148.212  -0.25484  0.54669  -0  53
477  460  0045  0.6819  0.6829  159.738  160.382  -0.34484  0.42669  0  54
477  429  0046  0.6199  0.6178  146.580  145.829  -0.20084  0.48669  -1  53
477  466  0047  0.6207  0.6251  160.408  161.117  -0.32084  0.38469  -0  53
477  460  0048  0.6160  0.6251  160.346  161.117  -0.32084  0.38469  -0  53
477  431  0049  0.6448  0.6500  157.911  158.594  -0.31484  0.42069  0  53
520  594  0000  0.7406  0.7471  160.763  160.809  -0.38084  0.46269  -0  54
520  572  0001  0.7625  0.7661  156.285  156.354  -0.35084  0.51669  -0  54
520  432  0002  0.6748  0.6763  148.671  149.113  -0.24884  0.51069  -0  53
520  518  0003  0.6885  0.6836  160.950  161.115  -0.35084  0.42069  0  54
520  453  0004  0.6753  0.6710  157.580  158.061  -0.32084  0.43869  0  54
520  454  0005  0.6724  0.6607  154.531  154.139  -0.28484  0.46269  0  53
520  398  0006  0.7006  0.6981  154.176  153.659  -0.29684  0.49269  0  54
520  571  0007  0.7568  0.7609  156.952  157.281  -0.35684  0.50469  -0  54
520  436  0008  0.6291  0.6390  156.709  156.909  -0.29684  0.42669  0  53
520  479  0009  0.6482  0.6499  154.768  154.728  -0.28484  0.45069  -0  52
520  558  0010  0.7307  0.7460  158.696  159.466  -0.36884  0.47469  0  54
520  418  0011  0.7155  0.7291  154.953  155.548  -0.32684  0.49869  0  54
520  598  0012  0.7749  0.7720  158.539  158.695  -0.37484  0.49869  -0  54
520  460  0013  0.7025  0.7129  149.147  149.607  -0.26684  0.53469  -0  53
520  415  0014  0.6161  0.6234  154.642  154.676  -0.27284  0.43269  0  52
520  442  0015  0.6237  0.6288  154.305  154.368  -0.27284  0.43869  0  52
520  496  0016  0.7186  0.7349  157.761  158.697  -0.35684  0.47469  0  54
520  501  0017  0.6451  0.6457  152.561  152.695  -0.26684  0.46269  -0  52
520  538  0018  0.7168  0.7257  160.222  160.675  -0.36884  0.45069  0  54
520  423  0019  0.6189  0.6285  157.022  157.565  -0.29684  0.41469  0  53
520  499  0020  0.7266  0.7305  152.955  152.796  -0.30284  0.52269  -0  54
520  481  0021  0.6663  0.6623  152.095  151.864  -0.26684  0.48069  -0  52
520  512  0022  0.7258  0.7367  151.653  151.866  -0.29684  0.53469  -0  54
520  596  0023  0.7776  0.7720  159.012  158.695  -0.37484  0.49869  -0  54
520  477  0024  0.6263  0.6303  152.008  151.977  -0.25484  0.45669  -0  52
520  554  0025  0.7242  0.7358  159.607  160.062  -0.36884  0.46269  0  54
520  506  0026  0.6389  0.6458  159.502  160.482  -0.32684  0.40269  -0  53
520  480  0027  0.7042  0.7144  158.862  159.904  -0.35684  0.45069  0  55
520  449  0028  0.7073  0.7096  152.650  152.420  -0.29084  0.51069  -0  54
520  584  0029  0.7727  0.7769  154.870  155.184  -0.34484  0.53469  -0  55
520  569  0030  0.7767  0.7780  153.185  153.247  -0.32684  0.55269  -0  55
520  598  0031  0.7445  0.7515  159.403  159.841  -0.37484  0.47469  -0  54
520  541  0032  0.7559  0.7535  150.959  151.154  -0.29684  0.55269  -0  55
520  415  0033  0.6932  0.6921  157.083  157.560  -0.32684  0.45669  0  54
520  480  0034  0.6498  0.6499  154.623  154.728  -0.28484  0.45069  -0  52
520  480  0035  0.6580  0.6553  154.536  154.431  -0.28484  0.45669  -0  52
520  488  0036  0.6327  0.6352  152.220  152.483  -0.26084  0.45669  -0  52
520  540  0037  0.7466  0.7479  151.045  151.388  -0.29684  0.54669  -0  54
520  590  0038  0.7389  0.7471  160.785  160.809  -0.38084  0.46269  -0  54
520  464  0039  0.6193  0.6263  150.070  150.664  -0.24284  0.46269  -0  52
520  442  0040  0.6204  0.6287  157.804  158.364  -0.30284  0.40869  0  53
520  493  0041  0.6398  0.6401  153.131  152.981  -0.26684  0.45669  -0  52
520  460  0042  0.7222  0.7312  147.469  148.243  -0.26084  0.55869  -0  54
520  573  0043  0.7646  0.7714  155.854  156.091  -0.35084  0.52269  -0  54
520  504  0044  0.7235  0.7311  152.257  152.111  -0.29684  0.52869  -0  54
520  462  0045  0.6597  0.6602  156.415  156.421  -0.30284  0.44469  0  53
520  464  0046  0.6584  0.6550  157.288  157.499  -0.30884  0.43269  0  53
520  482  0047  0.6694  0.6713  158.521  158.809  -0.32684  0.43269  0  54
520  451  0048  0.6931  0.6951  150.876  151.042  -0.27284  0.51069  -0  53
520  605  0049  0.7640  0.7669  158.759  158.976  -0.37484  0.49269  -0  54
564  619  0000  0.7758  0.7775  153.632  153.892  -0.33284  0.54669  -0  55
564  506  0001  0.6480  0.6496  155.903  155.501  -0.29084  0.44469  -0  53
564  571  0002  0.6517  0.6515  160.324  160.907  -0.33284  0.40269  -0  54
564  522  0003  0.7090  0.7111  151.007  151.010  -0.27884  0.52269  -0  54
564  657  0004  0.7647  0.7622  160.111  159.919  -0.38084  0.48069  -0  54
564  624  0005  0.7697  0.7718  154.821  154.788  -0.33884  0.53469  -0  55
564  502  0006  0.6723  0.6611  154.030  153.380  -0.27884  0.46869  -0  54
564  487  0007  0.6233  0.6342  153.978  154.064  -0.27284  0.44469  -0  53
564  536  0008  0.6215  0.6301  159.783  160.756  -0.32084  0.39069  -0  54
564  500  0009  0.6276  0.6342  154.113  154.064  -0.27284  0.44469  -0  53
564  493  0010  0.6139  0.6239  158.610  159.511  -0.30884  0.39669  -0  54
564  423  0011  0.7036  0.7080  155.298  155.253  -0.31484  0.48669  0  55
564  543  0012  0.6211  0.6301  160.134  160.756  -0.32084  0.39069  -0  54
564  497  0013  0.6307  0.6393  154.691  154.551  -0.27884  0.44469  -0  53
564  578  0014  0.7658  0.7718  146.357  146.807  -0.26084  0.60069  -1  54
564  534  0015  0.6398  0.6423  150.627  150.638  -0.24884  0.47469  -0  53
564  494  0016  0.6332  0.6391  155.473  155.336  -0.28484  0.43869  -0  53
564  510  0017  0.6318  0.6279  146.658  146.156  -0.20684  0.49269  -1  54
564  537  0018  0.7175  0.7263  151.713  151.669  -0.29084  0.52869  -0  55
564  580  0019  0.7667  0.7647  150.839  150.697  -0.29684  0.56469  -0  55
564  612  0020  0.7615  0.7670  153.472  153.733  -0.32684  0.54069  -0  55
564  497  0021  0.6768  0.6743  150.383  150.591  -0.26084  0.49869  -0  53
564  494  0022  0.6214  0.6297  153.027  152.772  -0.26084  0.45069  -0  52
564  451  0023  0.6158  0.6231  156.492  157.095  -0.29084  0.41469  0  53
564  531  0024  0.6518  0.6527  150.633  150.877  -0.25484  0.48069  -0  53
564  590  0025  0.7726  0.7736  152.105  152.190  -0.31484  0.55869  -0  56
564  493  0026  0.7204  0.7344  156.261  157.330  -0.34484  0.48669  0  55
564  581  0027  0.7418  0.7557  156.946  157.557  -0.35684  0.49869  -0  55
564  623  0028  0.7729  0.7714  156.032  156.091  -0.35084  0.52269  -0  55
564  507  0029  0.6657  0.6604  155.268  154.899  -0.29084  0.45669  0  53
564  624  0030  0.7744  0.7768  157.087  157.124  -0.36284  0.51669  -0  55
564  525  0031  0.6380  0.6397  153.658  153.766  -0.27284  0.45069  -0  52
564  509  0032  0.6745  0.6679  151.956  151.597  -0.26684  0.48669  -0  53
564  571  0033  0.7536  0.7553  149.625  149.829  -0.28484  0.56469  -1  55
564  510  0034  0.6346  0.6337  146.289  145.925  -0.20684  0.49869  -1  54
564  455  0035  0.6733  0.6700  146.803  146.624  -0.22484  0.52269  -1  54
564  564  0036  0.7324  0.7452  157.159  158.119  -0.35684  0.48669  -0  55
564  528  0037  0.7160  0.7298  157.860  158.993  -0.35684  0.46869  0  55
564  508  0038  0.7037  0.7140  158.427  159.201  -0.35084  0.45669  0  55
564  535  0039  0.6600  0.6567  152.159  152.136  -0.26684  0.47469  -0  53
564  574  0040  0.7369  0.7375  151.132  151.187  -0.29084  0.54069  -0  55
564  532  0041  0.6522  0.6555  158.570  159.032  -0.32084  0.42069  -0  54
564  606  0042  0.7284  0.7414  160.219  160.438  -0.37484  0.46269  -0  55
564  540  0043  0.7345  0.7502  155.978  156.497  -0.34484  0.50469  0  55
564  513  0044  0.6712  0.6672  152.590  152.347  -0.27284  0.48069  -0  53
564  616  0045  0.7721  0.7775  153.628  153.892  -0.33284  0.54669  -0  55
564  591  0046  0.7666  0.7631  151.829  152.007  -0.30884  0.55269  -0  56
564  492  0047  0.6947  0.6951  151.342  151.042  -0.27284  0.51069  -0  54
564  492  0048  0.6836  0.6817  157.947  158.175  -0.32684  0.44469  0  55
564  500  0049  0.6386  0.6322  146.950  146.707  -0.21284  0.49269  -1  54
607  534  0000  0.6350  0.6391  155.713  155.336  -0.28484  0.43869  -0  54
607  544  0001  0.6189  0.6237  148.477  148.535  -0.22484  0.47469  -1  54
607  575  0002  0.7180  0.7207  151.891  151.915  -0.29084  0.52269  -0  55
607  630  0003  0.7483  0.7527  151.832  151.819  -0.30284  0.54669  -0  56
607  616  0004  0.7616  0.7610  149.754  149.609  -0.28484  0.57069  -1  56
607  547  0005  0.6577  0.6549  156.346  155.965  -0.29684  0.44469  -0  54
607  648  0006  0.7580  0.7620  153.174  153.322  -0.32084  0.54069  -0  56
607  491  0007  0.7132  0.7239  154.850  155.129  -0.32084  0.49869  0  56
607  609  0008  0.6403  0.6408  160.364  160.832  -0.32684  0.39669  -0  55
607  651  0009  0.7599  0.7662  155.512  155.698  -0.34484  0.52269  -0  56
607  564  0010  0.6667  0.6623  151.755  151.864  -0.26684  0.48069  -0  54
607  555  0011  0.6387  0.6393  154.688  154.551  -0.27884  0.44469  -0  53
607  609  0012  0.7574  0.7616  146.374  146.551  -0.25484  0.59469  -1  55
607  560  0013  0.6443  0.6432  149.341  149.861  -0.24284  0.48069  -1  53
607  542  0014  0.6387  0.6352  147.755  148.031  -0.22484  0.48669  -1  54
607  582  0015  0.7266  0.7289  149.174  149.608  -0.27284  0.54669  -1  55
607  670  0016  0.7769  0.7769  155.362  155.184  -0.34484  0.53469  -1  56
607  492  0017  0.6142  0.6179  156.866  157.430  -0.29084  0.40869  -0  54
607  677  0018  0.7414  0.7471  160.559  160.809  -0.38084  0.46269  -0  55
607  485  0019  0.6125  0.6234  154.707  154.676  -0.27284  0.43269  -0  54
607  510  0020  0.6991  0.7050  147.686  147.955  -0.24884  0.54069  -1  55
607  495  0021  0.7139  0.7242  154.601  154.435  -0.31484  0.50469  0  56
607  555  0022  0.7049  0.7111  151.013  151.010  -0.27884  0.52269  -0  55
607  634  0023  0.7592  0.7583  151.617  151.583  -0.30284  0.55269  -0  56
607  587  0024  0.6733  0.6773  159.576  159.973  -0.33884  0.42669  -0  55
607  542  0025  0.6172  0.6206  147.343  147.188  -0.21284  0.48069  -1  54
607  575  0026  0.7335  0.7453  154.610  154.748  -0.32684  0.51669  -0  56
607  603  0027  0.7547  0.7601  147.317  147.202  -0.26084  0.58869  -1  55
607  622  0028  0.7696  0.7695  150.953  151.123  -0.30284  0.56469  -0  56
607  508  0029  0.7128  0.7246  153.854  153.742  -0.30884  0.51069  -0  56
607  554  0030  0.6473  0.6497  157.657  157.821  -0.30884  0.42669  -0  54
607  618  0031  0.7767  0.7760  150.332  150.253  -0.29684  0.57669  -0  56
607  606  0032  0.7305  0.7375  151.122  151.187  -0.29084  0.54069  -0  55
607  623  0033  0.7471  0.7555  155.991  156.227  -0.34484  0.51069  -0  56
607  547  0034  0.6588  0.6602  156.966  157.182  -0.30884  0.43869  -0  54
607  623  0035  0.7419  0.7465  152.367  152.729  -0.30884  0.53469  -0  56
607  618  0036  0.7364  0.7423  151.598  151.625  -0.29684  0.54069  -0  56
607  510  0037  0.6772  0.6775  148.270  148.377  -0.24284  0.51669  -1  54
607  593  0038  0.7344  0.7450  156.583  157.445  -0.35084  0.49269  -0  56
607  538  0039  0.6452  0.6410  147.571  147.786  -0.22484  0.49269  -1  54
607  631  0040  0.7232  0.7307  159.816  160.367  -0.36884  0.45669  -0  56
607  619  0041  0.7749  0.7743  151.239  151.543  -0.30884  0.56469  -1  56
607  553  0042  0.6731  0.6679  151.637  151.597  -0.26684  0.48669  -0  54
607  582  0043  0.7157  0.7215  151.150  151.221  -0.28484  0.52869  -0  55
607  518  0044  0.6822  0.6716  153.852  153.569  -0.28484  0.47469  -0  55
607  479  0045  0.7101  0.7186  155.188  155.403  -0.32084  0.49269  0  56
607  505  0046  0.6131  0.6242  153.174  153.067  -0.26084  0.44469  -0  53
607  621  0047  0.6361  0.6416  161.024  161.613  -0.33284  0.39069  -0  55
607  554  0048  0.6530  0.6496  155.504  155.501  -0.29084  0.44469  -0  54
607  556  0049  0.6556  0.6550  155.508  155.198  -0.29084  0.45069  -0  54
651  596  0000  0.7106  0.7191  158.175  158.898  -0.35084  0.46269  0  57
651  707  0001  0.7748  0.7714  156.635  156.742  -0.35684  0.51669  -1  56
651  618  0002  0.6577  0.6561  153.127  152.900  -0.27284  0.46869  -0  54
651  728  0003  0.7603  0.7614  158.406  158.601  -0.36884  0.49269  -0  56
651  653  0004  0.7319  0.7367  151.858  151.866  -0.29684  0.53469  -0  56
651  645  0005  0.6730  0.6723  160.329  160.303  -0.33884  0.42069  -0  56
651  671  0006  0.7516  0.7535  151.105  151.154  -0.29684  0.55269  -1  57
651  585  0007  0.7085  0.7152  152.383  152.166  -0.29084  0.51669  -0  56
651  573  0008  0.6931  0.6969  149.449  149.606  -0.26084  0.52269  -1  55
651  637  0009  0.7329  0.7450  156.872  157.445  -0.35084  0.49269  -0  57
651  612  0010  0.7183  0.7349  157.797  158.697  -0.35684  0.47469  -0  57
651  527  0011  0.7001  0.6981  153.963  153.659  -0.29684  0.49269  -0  56
651  598  0012  0.7185  0.7250  152.871  153.050  -0.30284  0.51669  -0  56
651  576  0013  0.6782  0.6799  150.269  150.339  -0.26084  0.50469  -1  55
651  581  0014  0.6987  0.7073  149.420  149.842  -0.26684  0.52869  -0  55
651  656  0015  0.7420  0.7440  150.078  150.279  -0.28484  0.55269  -1  56
651  522  0016  0.6909  0.6818  155.091  154.489  -0.29684  0.47469  0  56
651  580  0017  0.6456  0.6439  146.587  146.243  -0.21284  0.50469  -1  55
651  605  0018  0.6627  0.6630  150.997  151.109  -0.26084  0.48669  -1  54
651  649  0019  0.6760  0.6779  160.521  160.713  -0.34484  0.42069  -0  56
651  663  0020  0.7628  0.7659  146.874  147.003  -0.26084  0.59469  -1  56
651  603  0021  0.7309  0.7370  147.642  148.028  -0.26084  0.56469  -1  56
651  523  0022  0.6937  0.6977  146.292  146.267  -0.23084  0.54669  -1  56
651  597  0023  0.6621  0.6583  150.191  150.614  -0.25484  0.48669  -1  54
651  575  0024  0.7082  0.7096  152.709  152.420  -0.29084  0.51069  -0  56
651  678  0025  0.7591  0.7631  151.697  152.007  -0.30884  0.55269  -1  57
651  595  0026  0.6483  0.6496  155.759  155.501  -0.29084  0.44469  -0  54
651  671  0027  0.7611  0.7639  151.091  151.351  -0.30284  0.55869  -1  57
651  701  0028  0.7660  0.7670  153.534  153.733  -0.32684  0.54069  -1  57
651  667  0029  0.7728  0.7724  149.387  149.179  -0.28484  0.58269  -1  57
651  735  0030  0.7724  0.7673  159.695  159.630  -0.38084  0.48669  -1  56
651  643  0031  0.7355  0.7393  149.535  149.833  -0.27884  0.55269  -1  56
651  519  0032  0.7085  0.7137  154.656  154.272  -0.30884  0.49869  0  57
651  574  0033  0.7232  0.7281  146.668  147.094  -0.24884  0.56469  -1  56
651  594  0034  0.6244  0.6272  149.420  149.867  -0.23684  0.46869  -1  54
651  575  0035  0.6279  0.6339  154.707  154.856  -0.27884  0.43869  -0  54
651  722  0036  0.7665  0.7665  158.065  158.321  -0.36884  0.49869  -0  56
651  739  0037  0.7645  0.7628  160.576  160.576  -0.38684  0.47469  -0  55
651  608  0038  0.6617  0.6556  153.958  153.665  -0.27884  0.46269  -0  54
651  540  0039  0.6197  0.6284  156.210  156.765  -0.29084  0.42069  -0  55
651  609  0040  0.6431  0.6447  154.142  154.250  -0.27884  0.45069  -0  54
651  594  0041  0.7041  0.7140  158.597  159.201  -0.35084  0.45669  0  57
651  534  0042  0.6977  0.7006  146.867  147.469  -0.24284  0.54069  -1  56
651  624  0043  0.7223  0.7280  149.620  150.293  -0.27884  0.54069  -1  56
651  699  0044  0.7698  0.7725  153.457  153.488  -0.32684  0.54669  -1  57
651  581  0045  0.6664  0.6655  157.012  156.870  -0.30884  0.44469  -0  55
651  662  0046  0.7651  0.7678  148.498  148.743  -0.27884  0.58269  -1  56
651  605  0047  0.7350  0.7370  147.635  148.028  -0.26084  0.56469  -1  56
651  580  0048  0.6679  0.6649  149.469  149.604  -0.24884  0.49869  -1  55
651  657  0049  0.7613  0.7621  149.095  148.955  -0.27884  0.57669  -1  56
