54    0000    0.8365    6.897
54    0001    0.7167    14.240
54    0002    0.7145    10.011
54    0003    0.7906    15.244
54    0004    0.6960    18.450
54    0005    0.8396    15.783
54    0006    0.8218    5.030
54    0007    0.7212    16.455
54    0008    0.7147    4.930
54    0009    0.8384    16.287
54    0010    0.7791    9.971
54    0011    0.7124    12.769
54    0012    0.7435    16.908
54    0013    0.7200    11.105
54    0014    0.8011    12.721
54    0015    0.7900    5.119
54    0016    0.7778    11.138
54    0017    0.7783    6.564
54    0018    0.7187    19.123
54    0019    0.7708    10.568
54    0020    0.6917    6.678
54    0021    0.7880    14.401
54    0022    0.7822    11.127
54    0023    0.7793    15.315
54    0024    0.8277    15.439
54    0025    0.7104    13.356
54    0026    0.6977    9.850
54    0027    0.7640    9.288
54    0028    0.8277    18.661
54    0029    0.7336    14.417
54    0030    0.7059    17.618
54    0031    0.7963    15.217
54    0032    0.7999    11.773
54    0033    0.7285    13.252
54    0034    0.7583    8.204
54    0035    0.7613    17.353
54    0036    0.6940    11.428
54    0037    0.7235    5.599
54    0038    0.7911    15.850
54    0039    0.7760    17.836
54    0040    0.7257    4.604
54    0041    0.7473    8.405
54    0042    0.7716    6.706
54    0043    0.8026    7.073
54    0044    0.8033    9.459
54    0045    0.7407    9.873
54    0046    0.7659    5.551
54    0047    0.7144    10.875
54    0048    0.8323    11.588
54    0049    0.8056    6.137
109    0000    0.8114    10.810
109    0001    0.7572    13.372
109    0002    0.6944    12.744
109    0003    0.8076    8.091
109    0004    0.7707    4.893
109    0005    0.7249    8.822
109    0006    0.7781    18.343
109    0007    0.7128    11.538
109    0008    0.8301    11.089
109    0009    0.7978    7.999
109    0010    0.6969    14.755
109    0011    0.7465    10.746
109    0012    0.7203    11.779
109    0013    0.8357    9.966
109    0014    0.7430    15.746
109    0015    0.8224    17.573
109    0016    0.7703    7.528
109    0017    0.7711    17.067
109    0018    0.6962    8.219
109    0019    0.7306    11.519
109    0020    0.8189    7.078
109    0021    0.7303    6.816
109    0022    0.7567    5.196
109    0023    0.7148    17.314
109    0024    0.8221    8.982
109    0025    0.8349    18.452
109    0026    0.7913    15.694
109    0027    0.8291    19.020
109    0028    0.8066    13.144
109    0029    0.8277    6.466
109    0030    0.7458    18.741
109    0031    0.7277    14.576
109    0032    0.6956    13.598
109    0033    0.7856    10.405
109    0034    0.8385    13.741
109    0035    0.7803    10.473
109    0036    0.7250    13.675
109    0037    0.7408    10.556
109    0038    0.7569    18.647
109    0039    0.7820    18.856
109    0040    0.7722    6.417
109    0041    0.7827    13.651
109    0042    0.7235    12.325
109    0043    0.7824    13.029
109    0044    0.7892    7.951
109    0045    0.7093    5.916
109    0046    0.8173    6.005
109    0047    0.8193    16.458
109    0048    0.8271    10.213
109    0049    0.8021    6.529
163    0000    0.7759    8.146
163    0001    0.7666    5.824
163    0002    0.7260    9.717
163    0003    0.7244    11.079
163    0004    0.7224    15.083
163    0005    0.7693    12.456
163    0006    0.8390    14.519
163    0007    0.7203    18.191
163    0008    0.7856    15.012
163    0009    0.7049    19.311
163    0010    0.7251    11.945
163    0011    0.7139    10.130
163    0012    0.8072    13.580
163    0013    0.7101    12.025
163    0014    0.7684    16.196
163    0015    0.8204    11.188
163    0016    0.7614    8.290
163    0017    0.7335    14.672
163    0018    0.7494    12.521
163    0019    0.7895    7.222
163    0020    0.7029    11.496
163    0021    0.7738    16.352
163    0022    0.8249    16.612
163    0023    0.7941    7.305
163    0024    0.7567    11.396
163    0025    0.7257    16.743
163    0026    0.8236    17.558
163    0027    0.7842    16.755
163    0028    0.8311    14.044
163    0029    0.8065    12.773
163    0030    0.7107    10.796
163    0031    0.8321    6.325
163    0032    0.6928    8.283
163    0033    0.7389    15.396
163    0034    0.8072    15.373
163    0035    0.8155    16.271
163    0036    0.7254    18.271
163    0037    0.8286    4.415
163    0038    0.7569    19.128
163    0039    0.7574    7.416
163    0040    0.7798    7.549
163    0041    0.6938    9.190
163    0042    0.7543    6.821
163    0043    0.7970    4.810
163    0044    0.8168    6.565
163    0045    0.7474    15.380
163    0046    0.8105    9.119
163    0047    0.7173    18.746
163    0048    0.7065    8.111
163    0049    0.7615    10.091
218    0000    0.7347    16.620
218    0001    0.7149    18.767
218    0002    0.8207    13.132
218    0003    0.7720    19.005
218    0004    0.7584    10.234
218    0005    0.7520    6.198
218    0006    0.7325    6.151
218    0007    0.6959    14.843
218    0008    0.6992    12.380
218    0009    0.7101    5.117
218    0010    0.8429    11.874
218    0011    0.8366    11.914
218    0012    0.8088    8.064
218    0013    0.7084    7.027
218    0014    0.7145    14.856
218    0015    0.7609    8.405
218    0016    0.7274    6.537
218    0017    0.7347    16.153
218    0018    0.8093    6.164
218    0019    0.7824    5.369
218    0020    0.8265    4.720
218    0021    0.7895    7.023
218    0022    0.7647    13.155
218    0023    0.7091    9.805
218    0024    0.7801    14.609
218    0025    0.7896    5.992
218    0026    0.8046    7.799
218    0027    0.8458    8.091
218    0028    0.7914    5.388
218    0029    0.7338    4.541
218    0030    0.7271    13.986
218    0031    0.7165    9.332
218    0032    0.7575    14.413
218    0033    0.7330    13.494
218    0034    0.8202    4.401
218    0035    0.7733    19.013
218    0036    0.7301    17.530
218    0037    0.7566    16.992
218    0038    0.7552    4.913
218    0039    0.7569    7.253
218    0040    0.7801    5.514
218    0041    0.7755    12.603
218    0042    0.6928    8.211
218    0043    0.8335    7.231
218    0044    0.6968    10.409
218    0045    0.8219    15.804
218    0046    0.7615    10.635
218    0047    0.7285    16.092
218    0048    0.8074    15.613
218    0049    0.7684    10.043
272    0000    0.7537    7.547
272    0001    0.8122    8.859
272    0002    0.8221    18.900
272    0003    0.7502    14.093
272    0004    0.6940    8.725
272    0005    0.7211    18.247
272    0006    0.7459    16.422
272    0007    0.7021    10.972
272    0008    0.6908    11.805
272    0009    0.7933    18.289
272    0010    0.7373    18.879
272    0011    0.7664    7.610
272    0012    0.7510    18.194
272    0013    0.7634    18.893
272    0014    0.7359    6.139
272    0015    0.7920    17.901
272    0016    0.7239    8.621
272    0017    0.6905    8.652
272    0018    0.8129    9.702
272    0019    0.7327    6.001
272    0020    0.8296    4.353
272    0021    0.7803    4.384
272    0022    0.7240    15.245
272    0023    0.7575    5.898
272    0024    0.6998    7.152
272    0025    0.7238    7.641
272    0026    0.7893    14.916
272    0027    0.7638    9.497
272    0028    0.7585    11.508
272    0029    0.7757    7.366
272    0030    0.7436    5.589
272    0031    0.8235    6.502
272    0032    0.6949    13.194
272    0033    0.7576    5.044
272    0034    0.6948    18.700
272    0035    0.8348    10.386
272    0036    0.7577    15.819
272    0037    0.7217    4.696
272    0038    0.8347    9.479
272    0039    0.7526    13.430
272    0040    0.8435    8.201
272    0041    0.8461    5.881
272    0042    0.7463    14.939
272    0043    0.7838    18.695
272    0044    0.7365    9.065
272    0045    0.8018    8.529
272    0046    0.6957    18.496
272    0047    0.8415    11.908
272    0048    0.8379    9.304
272    0049    0.8228    7.225
327    0000    0.7602    18.773
327    0001    0.7969    13.595
327    0002    0.7555    6.507
327    0003    0.7145    17.247
327    0004    0.8108    10.202
327    0005    0.7261    13.349
327    0006    0.7325    13.155
327    0007    0.8374    12.276
327    0008    0.6902    9.164
327    0009    0.6924    7.175
327    0010    0.7588    9.531
327    0011    0.8032    6.212
327    0012    0.7244    18.772
327    0013    0.7520    7.393
327    0014    0.7577    8.814
327    0015    0.8263    11.575
327    0016    0.7590    4.634
327    0017    0.6938    8.225
327    0018    0.7170    8.217
327    0019    0.6909    14.756
327    0020    0.7260    10.286
327    0021    0.8359    15.730
327    0022    0.8037    5.984
327    0023    0.8081    8.182
327    0024    0.7943    8.701
327    0025    0.7022    16.188
327    0026    0.7844    16.025
327    0027    0.8321    18.206
327    0028    0.8093    10.506
327    0029    0.7861    17.921
327    0030    0.6915    9.386
327    0031    0.7295    15.640
327    0032    0.6984    15.265
327    0033    0.8068    8.011
327    0034    0.7938    8.052
327    0035    0.8089    5.687
327    0036    0.7581    13.371
327    0037    0.8454    12.719
327    0038    0.7470    13.471
327    0039    0.7418    9.490
327    0040    0.7350    9.034
327    0041    0.8138    15.078
327    0042    0.7930    6.928
327    0043    0.8335    18.223
327    0044    0.7026    15.903
327    0045    0.7931    14.322
327    0046    0.7373    18.722
327    0047    0.7297    15.996
327    0048    0.8121    6.463
327    0049    0.7293    6.915
381    0000    0.7136    17.298
381    0001    0.7626    8.290
381    0002    0.8166    11.443
381    0003    0.8114    7.622
381    0004    0.7474    9.045
381    0005    0.7928    17.129
381    0006    0.7854    10.524
381    0007    0.7879    14.621
381    0008    0.7041    5.301
381    0009    0.8368    6.377
381    0010    0.7462    6.523
381    0011    0.7163    8.155
381    0012    0.7690    8.961
381    0013    0.8253    16.719
381    0014    0.8070    9.831
381    0015    0.7498    17.824
381    0016    0.7875    10.362
381    0017    0.6943    9.063
381    0018    0.7471    13.422
381    0019    0.8076    7.137
381    0020    0.7374    18.767
381    0021    0.8023    7.693
381    0022    0.7029    17.125
381    0023    0.7145    19.152
381    0024    0.8438    14.608
381    0025    0.7507    6.835
381    0026    0.7305    12.023
381    0027    0.8336    8.513
381    0028    0.8032    4.774
381    0029    0.7694    10.351
381    0030    0.7151    11.120
381    0031    0.7161    17.581
381    0032    0.7215    10.278
381    0033    0.7063    10.028
381    0034    0.7956    5.464
381    0035    0.7342    4.615
381    0036    0.8250    17.179
381    0037    0.7219    15.741
381    0038    0.8037    17.981
381    0039    0.7899    17.505
381    0040    0.7160    15.947
381    0041    0.7623    7.821
381    0042    0.7615    13.581
381    0043    0.7200    6.715
381    0044    0.8404    15.947
381    0045    0.8115    8.592
381    0046    0.7358    14.091
381    0047    0.8076    7.121
381    0048    0.7418    18.768
381    0049    0.7171    12.573
436    0000    0.7853    8.978
436    0001    0.8337    17.943
436    0002    0.7586    9.657
436    0003    0.8472    9.617
436    0004    0.8022    5.465
436    0005    0.7458    15.473
436    0006    0.7840    10.833
436    0007    0.7950    11.678
436    0008    0.6955    16.404
436    0009    0.8384    9.815
436    0010    0.7964    9.058
436    0011    0.7582    10.375
436    0012    0.7216    17.399
436    0013    0.6932    19.105
436    0014    0.7465    9.403
436    0015    0.7965    6.150
436    0016    0.8398    7.211
436    0017    0.8118    15.228
436    0018    0.7755    12.397
436    0019    0.8460    8.958
436    0020    0.7337    9.789
436    0021    0.8100    13.338
436    0022    0.8413    19.251
436    0023    0.7132    12.106
436    0024    0.7608    17.451
436    0025    0.6968    16.841
436    0026    0.8215    8.668
436    0027    0.6961    15.983
436    0028    0.7209    4.669
436    0029    0.7363    4.396
436    0030    0.8147    7.554
436    0031    0.7545    16.607
436    0032    0.8055    13.841
436    0033    0.7501    13.241
436    0034    0.7762    6.554
436    0035    0.7742    7.670
436    0036    0.8230    13.420
436    0037    0.6996    12.170
436    0038    0.8255    9.026
436    0039    0.7831    6.101
436    0040    0.7944    10.127
436    0041    0.6928    14.301
436    0042    0.7841    18.935
436    0043    0.7271    14.324
436    0044    0.8218    6.073
436    0045    0.7910    9.642
436    0046    0.8117    16.421
436    0047    0.6927    16.144
436    0048    0.7457    12.456
436    0049    0.8240    6.565
490    0000    0.7695    15.704
490    0001    0.7587    16.742
490    0002    0.7865    11.750
490    0003    0.7579    19.115
490    0004    0.7545    5.537
490    0005    0.7640    14.678
490    0006    0.7449    11.222
490    0007    0.7745    6.025
490    0008    0.6964    17.456
490    0009    0.8086    12.201
490    0010    0.7023    9.029
490    0011    0.8086    13.431
490    0012    0.7239    17.074
490    0013    0.7096    8.620
490    0014    0.8172    14.607
490    0015    0.8253    4.713
490    0016    0.8206    4.856
490    0017    0.7551    13.188
490    0018    0.8325    12.216
490    0019    0.7750    8.985
490    0020    0.7109    6.057
490    0021    0.7097    16.064
490    0022    0.7849    4.840
490    0023    0.7883    8.984
490    0024    0.7155    14.436
490    0025    0.8356    14.735
490    0026    0.8108    14.801
490    0027    0.7214    7.861
490    0028    0.7901    11.979
490    0029    0.8292    5.029
490    0030    0.7354    17.073
490    0031    0.7050    11.490
490    0032    0.7561    12.569
490    0033    0.7671    9.719
490    0034    0.7460    10.936
490    0035    0.7350    13.072
490    0036    0.8076    9.536
490    0037    0.8195    13.101
490    0038    0.7538    10.464
490    0039    0.8338    10.072
490    0040    0.7340    4.477
490    0041    0.7258    15.278
490    0042    0.7878    17.483
490    0043    0.7087    15.836
490    0044    0.7875    6.901
490    0045    0.8210    8.078
490    0046    0.7264    6.650
490    0047    0.7980    6.075
490    0048    0.7439    16.145
490    0049    0.7119    13.629
544    0000    0.8349    10.217
544    0001    0.7919    12.740
544    0002    0.8343    17.221
544    0003    0.7698    5.142
544    0004    0.7539    9.482
544    0005    0.7002    5.939
544    0006    0.7976    9.772
544    0007    0.8393    11.282
544    0008    0.7116    4.632
544    0009    0.8475    6.237
544    0010    0.7059    17.066
544    0011    0.8013    18.331
544    0012    0.7566    16.224
544    0013    0.7743    17.837
544    0014    0.7645    6.707
544    0015    0.7398    6.493
544    0016    0.7620    9.417
544    0017    0.7436    18.750
544    0018    0.6912    7.740
544    0019    0.8227    9.862
544    0020    0.7096    4.863
544    0021    0.8251    12.957
544    0022    0.8076    17.149
544    0023    0.7456    6.014
544    0024    0.7231    9.856
544    0025    0.7980    11.592
544    0026    0.7969    7.335
544    0027    0.7586    17.752
544    0028    0.7309    17.469
544    0029    0.7975    8.031
544    0030    0.7355    11.568
544    0031    0.7836    15.150
544    0032    0.7179    10.922
544    0033    0.7260    9.204
544    0034    0.7208    19.120
544    0035    0.6912    6.500
544    0036    0.8024    7.229
544    0037    0.7370    15.082
544    0038    0.7529    17.938
544    0039    0.8157    17.053
544    0040    0.7763    14.994
544    0041    0.8083    7.871
544    0042    0.8311    17.834
544    0043    0.7244    15.796
544    0044    0.7956    5.073
544    0045    0.8168    13.298
544    0046    0.7399    18.875
544    0047    0.7593    17.939
544    0048    0.7268    4.558
544    0049    0.7014    17.465
599    0000    0.6965    14.023
599    0001    0.7917    16.433
599    0002    0.8452    10.312
599    0003    0.7842    18.182
599    0004    0.8312    10.392
599    0005    0.7334    5.404
599    0006    0.8441    5.643
599    0007    0.8078    5.414
599    0008    0.8427    12.557
599    0009    0.8211    5.308
599    0010    0.7007    12.538
599    0011    0.7752    11.892
599    0012    0.7001    12.949
599    0013    0.6944    10.305
599    0014    0.7654    4.550
599    0015    0.7765    8.070
599    0016    0.8100    17.213
599    0017    0.7250    8.069
599    0018    0.7165    11.421
599    0019    0.8023    11.649
599    0020    0.7072    11.845
599    0021    0.7087    11.981
599    0022    0.8037    7.701
599    0023    0.7045    14.920
599    0024    0.8424    5.961
599    0025    0.7001    12.038
599    0026    0.8371    10.566
599    0027    0.7704    16.366
599    0028    0.8455    17.114
599    0029    0.7744    12.665
599    0030    0.6957    18.797
599    0031    0.7041    4.368
599    0032    0.8193    8.820
599    0033    0.7935    12.402
599    0034    0.8044    5.527
599    0035    0.8322    11.446
599    0036    0.7716    17.144
599    0037    0.6959    10.887
599    0038    0.7106    13.884
599    0039    0.8416    13.899
599    0040    0.7709    11.291
599    0041    0.7001    9.075
599    0042    0.7004    9.226
599    0043    0.7560    18.238
599    0044    0.7479    11.329
599    0045    0.8369    15.977
599    0046    0.7739    16.286
599    0047    0.8096    15.996
599    0048    0.8272    6.770
599    0049    0.7574    16.127
653    0000    0.8169    7.874
653    0001    0.8325    17.172
653    0002    0.7229    14.009
653    0003    0.8088    10.719
653    0004    0.7341    5.482
653    0005    0.7744    11.926
653    0006    0.8402    15.338
653    0007    0.7825    6.626
653    0008    0.8168    14.646
653    0009    0.7783    12.042
653    0010    0.8479    8.549
653    0011    0.8444    6.325
653    0012    0.7003    18.369
653    0013    0.8081    18.772
653    0014    0.8272    4.602
653    0015    0.7283    12.165
653    0016    0.8449    4.819
653    0017    0.7569    4.495
653    0018    0.7784    13.581
653    0019    0.7351    11.325
653    0020    0.6932    7.948
653    0021    0.7594    17.437
653    0022    0.8163    4.494
653    0023    0.7589    14.789
653    0024    0.7043    13.612
653    0025    0.7871    16.693
653    0026    0.8184    15.688
653    0027    0.8311    17.189
653    0028    0.7849    6.642
653    0029    0.7553    7.548
653    0030    0.7848    10.926
653    0031    0.7763    6.683
653    0032    0.8274    7.998
653    0033    0.7954    4.987
653    0034    0.7873    18.845
653    0035    0.7226    14.301
653    0036    0.7170    7.391
653    0037    0.7277    5.920
653    0038    0.7861    14.016
653    0039    0.7220    10.621
653    0040    0.7530    16.235
653    0041    0.8418    5.400
653    0042    0.7339    16.396
653    0043    0.8337    12.448
653    0044    0.6989    5.348
653    0045    0.8147    9.016
653    0046    0.8414    14.530
653    0047    0.7530    10.902
653    0048    0.7238    8.525
653    0049    0.6912    10.100
708    0000    0.8093    12.989
708    0001    0.7966    8.645
708    0002    0.8072    8.139
708    0003    0.8153    15.019
708    0004    0.7551    13.814
708    0005    0.7264    5.717
708    0006    0.7148    16.105
708    0007    0.7068    13.276
708    0008    0.7227    10.384
708    0009    0.8467    9.461
708    0010    0.8069    14.655
708    0011    0.8338    17.207
708    0012    0.7860    11.612
708    0013    0.7350    18.592
708    0014    0.8452    15.933
708    0015    0.8344    12.016
708    0016    0.7893    16.530
708    0017    0.7206    8.780
708    0018    0.8268    16.981
708    0019    0.8271    14.902
708    0020    0.7379    7.515
708    0021    0.8023    6.637
708    0022    0.7311    17.582
708    0023    0.7353    13.938
708    0024    0.7796    18.310
708    0025    0.8127    18.467
708    0026    0.8433    7.808
708    0027    0.7043    6.324
708    0028    0.7467    14.890
708    0029    0.7485    6.169
708    0030    0.8074    12.199
708    0031    0.7660    18.946
708    0032    0.7503    16.076
708    0033    0.7574    8.734
708    0034    0.7430    5.355
708    0035    0.8001    9.316
708    0036    0.7505    16.503
708    0037    0.7892    9.933
708    0038    0.8463    14.351
708    0039    0.6928    6.833
708    0040    0.8347    13.983
708    0041    0.8462    6.569
708    0042    0.7925    13.265
708    0043    0.7958    8.998
708    0044    0.7864    17.221
708    0045    0.7574    14.327
708    0046    0.8372    16.409
708    0047    0.7172    13.019
708    0048    0.7879    10.294
708    0049    0.8078    13.291
762    0000    0.7183    7.713
762    0001    0.7569    13.635
762    0002    0.8389    15.192
762    0003    0.8342    13.264
762    0004    0.7260    11.075
762    0005    0.7737    8.157
762    0006    0.7780    13.976
762    0007    0.7845    12.983
762    0008    0.8404    15.366
762    0009    0.8010    6.054
762    0010    0.7770    5.544
762    0011    0.7814    11.400
762    0012    0.7493    15.843
762    0013    0.7926    10.991
762    0014    0.8337    16.993
762    0015    0.8290    10.842
762    0016    0.7105    16.384
762    0017    0.7926    5.549
762    0018    0.8162    16.116
762    0019    0.8182    18.551
762    0020    0.7836    16.563
762    0021    0.7062    5.431
762    0022    0.8219    11.967
762    0023    0.7104    12.610
762    0024    0.7707    9.941
762    0025    0.7306    7.207
762    0026    0.7803    14.113
762    0027    0.7286    10.081
762    0028    0.7781    8.274
762    0029    0.6943    16.997
762    0030    0.8416    15.092
762    0031    0.7472    9.844
762    0032    0.7147    10.940
762    0033    0.7086    7.668
762    0034    0.7879    13.406
762    0035    0.7028    17.554
762    0036    0.7673    5.056
762    0037    0.7169    15.317
762    0038    0.8310    11.029
762    0039    0.8013    12.058
762    0040    0.7687    6.624
762    0041    0.8417    10.717
762    0042    0.8251    11.417
762    0043    0.8021    17.373
762    0044    0.6922    11.808
762    0045    0.7799    8.881
762    0046    0.8172    10.935
762    0047    0.8305    14.055
762    0048    0.7974    15.697
762    0049    0.7639    18.150
