43  140  0000  0.5411  0.6302  -142.623  -143.734  -0.35454  0.28917  9  73
43  160  0001  0.5819  0.6273  -143.892  -144.216  -0.34854  0.28917  9  73
43  165  0002  0.5408  0.5297  -136.600  -134.155  -0.36654  0.21717  9  73
43  178  0003  0.6304  0.6369  -145.346  -144.791  -0.34854  0.29517  9  73
43  139  0004  0.5381  0.6302  -149.792  -143.734  -0.35454  0.28917  9  73
43  154  0005  0.6483  0.6302  -141.216  -143.734  -0.35454  0.28917  9  73
43  140  0006  0.5770  0.6302  -147.161  -143.734  -0.35454  0.28917  9  73
43  165  0007  0.5927  0.6273  -144.303  -144.216  -0.34854  0.28917  9  73
43  176  0008  0.6466  0.6302  -143.474  -143.734  -0.35454  0.28917  9  73
43  140  0009  0.6122  0.6369  -148.695  -144.791  -0.34854  0.29517  9  74
43  139  0010  0.6478  0.6302  -135.891  -143.734  -0.35454  0.28917  9  73
43  144  0011  0.6400  0.6302  -139.369  -143.734  -0.35454  0.28917  9  73
43  162  0012  0.6172  0.6302  -140.283  -143.734  -0.35454  0.28917  9  73
43  163  0013  0.5806  0.6273  -142.039  -144.216  -0.34854  0.28917  9  73
43  140  0014  0.6254  0.6302  -135.232  -143.734  -0.35454  0.28917  9  73
43  146  0015  0.6001  0.6273  -147.053  -144.216  -0.34854  0.28917  9  73
43  140  0016  0.5375  0.6302  -147.931  -143.734  -0.35454  0.28917  9  74
43  180  0017  0.6316  0.6369  -145.104  -144.791  -0.34854  0.29517  9  73
43  182  0018  0.6268  0.6302  -143.633  -143.734  -0.35454  0.28917  9  73
43  159  0019  0.5816  0.6302  -139.563  -143.734  -0.35454  0.28917  9  74
43  148  0020  0.5553  0.6273  -141.085  -144.216  -0.34854  0.28917  9  73
43  140  0021  0.5631  0.6302  -149.804  -143.734  -0.35454  0.28917  9  74
43  143  0022  0.6199  0.6302  -137.832  -143.734  -0.35454  0.28917  9  73
43  150  0023  0.6029  0.6369  -146.710  -144.791  -0.34854  0.29517  9  73
43  159  0024  0.5574  0.5297  -137.793  -134.155  -0.36654  0.21717  9  73
43  150  0025  0.5570  0.6273  -141.488  -144.216  -0.34854  0.28917  9  73
43  147  0026  0.6392  0.6369  -148.845  -144.791  -0.34854  0.29517  9  73
43  175  0027  0.6334  0.6302  -142.381  -143.734  -0.35454  0.28917  9  73
43  173  0028  0.6324  0.6369  -146.141  -144.791  -0.34854  0.29517  9  73
43  146  0029  0.5950  0.6302  -137.433  -143.734  -0.35454  0.28917  9  74
43  140  0030  0.6005  0.6302  -134.931  -143.734  -0.35454  0.28917  9  73
43  158  0031  0.6097  0.6273  -146.373  -144.216  -0.34854  0.28917  9  73
43  181  0032  0.6287  0.6302  -144.031  -143.734  -0.35454  0.28917  9  73
43  158  0033  0.5729  0.6302  -140.049  -143.734  -0.35454  0.28917  9  74
43  150  0034  0.5742  0.6273  -144.412  -144.216  -0.34854  0.28917  9  73
43  146  0035  0.5928  0.5335  -136.317  -133.648  -0.37254  0.21717  9  73
43  146  0036  0.5494  0.6302  -141.646  -143.734  -0.35454  0.28917  9  73
43  163  0037  0.5335  0.5297  -136.565  -134.155  -0.36654  0.21717  9  73
43  143  0038  0.5632  0.6273  -144.573  -144.216  -0.34854  0.28917  9  73
43  180  0039  0.6462  0.6397  -144.641  -144.313  -0.35454  0.29517  9  73
43  146  0040  0.5695  0.6273  -144.411  -144.216  -0.34854  0.28917  9  73
43  151  0041  0.6136  0.6302  -138.843  -143.734  -0.35454  0.28917  9  73
43  177  0042  0.6072  0.6302  -142.704  -143.734  -0.35454  0.28917  9  73
43  138  0043  0.5558  0.6302  -148.193  -143.734  -0.35454  0.28917  9  73
43  137  0044  0.6550  0.6302  -137.229  -143.734  -0.35454  0.28917  9  73
43  165  0045  0.5378  0.5297  -136.494  -134.155  -0.36654  0.21717  9  73
43  137  0046  0.5357  0.6302  -146.025  -143.734  -0.35454  0.28917  9  73
43  145  0047  0.5481  0.6302  -141.818  -143.734  -0.35454  0.28917  9  73
43  168  0048  0.5901  0.6273  -143.155  -144.216  -0.34854  0.28917  9  73
43  140  0049  0.5353  0.6302  -147.742  -143.734  -0.35454  0.28917  9  74
86  152  0000  0.5855  0.6273  -146.378  -144.216  -0.34854  0.28917  9  74
86  142  0001  0.5311  0.6273  -140.651  -144.216  -0.34854  0.28917  9  74
86  151  0002  0.6158  0.6474  -135.162  -137.442  -0.42054  0.27717  9  74
86  138  0003  0.6101  0.6302  -149.490  -143.734  -0.35454  0.28917  9  74
86  142  0004  0.5351  0.6273  -141.483  -144.216  -0.34854  0.28917  9  74
86  184  0005  0.6461  0.6341  -147.707  -145.272  -0.34254  0.29517  9  74
86  221  0006  0.6222  0.6273  -143.914  -144.216  -0.34854  0.28917  9  73
86  182  0007  0.6403  0.6332  -141.107  -143.257  -0.36054  0.28917  9  73
86  159  0008  0.5978  0.5417  -137.390  -134.497  -0.37254  0.22317  9  74
86  223  0009  0.6218  0.6302  -143.092  -143.734  -0.35454  0.28917  9  73
86  180  0010  0.6024  0.6244  -145.726  -144.702  -0.34254  0.28917  9  74
86  173  0011  0.5801  0.6273  -144.168  -144.216  -0.34854  0.28917  9  74
86  155  0012  0.5929  0.6273  -146.688  -144.216  -0.34854  0.28917  9  74
86  155  0013  0.6449  0.6332  -140.154  -143.257  -0.36054  0.28917  9  73
86  139  0014  0.5372  0.6273  -144.185  -144.216  -0.34854  0.28917  9  74
86  159  0015  0.6272  0.6596  -135.334  -137.663  -0.42654  0.28317  9  74
86  174  0016  0.5873  0.6208  -138.906  -143.137  -0.35454  0.28317  9  74
86  204  0017  0.6129  0.6273  -145.120  -144.216  -0.34854  0.28917  9  74
86  184  0018  0.5786  0.6208  -140.151  -143.137  -0.35454  0.28317  9  74
86  222  0019  0.6360  0.6302  -144.303  -143.734  -0.35454  0.28917  9  73
86  185  0020  0.5746  0.5417  -135.941  -134.497  -0.37254  0.22317  9  74
86  141  0021  0.6180  0.6369  -149.245  -144.791  -0.34854  0.29517  9  74
86  137  0022  0.6069  0.6302  -149.407  -143.734  -0.35454  0.28917  9  74
86  207  0023  0.6083  0.6273  -144.562  -144.216  -0.34854  0.28917  9  74
86  138  0024  0.5367  0.6302  -145.128  -143.734  -0.35454  0.28917  9  74
86  188  0025  0.5723  0.5417  -136.202  -134.497  -0.37254  0.22317  9  74
86  188  0026  0.5799  0.6208  -141.275  -143.137  -0.35454  0.28317  9  74
86  192  0027  0.5494  0.5380  -137.435  -135.002  -0.36654  0.22317  9  74
86  138  0028  0.6100  0.6302  -149.530  -143.734  -0.35454  0.28917  9  74
86  147  0029  0.5510  0.6273  -143.601  -144.216  -0.34854  0.28917  9  74
86  222  0030  0.6289  0.6302  -144.183  -143.734  -0.35454  0.28917  9  74
86  196  0031  0.6136  0.6238  -140.731  -142.656  -0.36054  0.28317  9  74
86  138  0032  0.5302  0.6302  -143.861  -143.734  -0.35454  0.28917  9  74
86  201  0033  0.5575  0.5335  -135.565  -133.648  -0.37254  0.21717  9  74
86  218  0034  0.6181  0.6302  -142.448  -143.734  -0.35454  0.28917  9  74
86  164  0035  0.6478  0.6332  -140.851  -143.257  -0.36054  0.28917  9  73
86  168  0036  0.6367  0.6596  -135.832  -137.663  -0.42654  0.28317  9  74
86  148  0037  0.5444  0.6273  -141.742  -144.216  -0.34854  0.28917  9  74
86  216  0038  0.6468  0.6397  -143.796  -144.313  -0.35454  0.29517  9  73
86  143  0039  0.5725  0.6273  -146.635  -144.216  -0.34854  0.28917  9  74
86  207  0040  0.5492  0.5335  -135.280  -133.648  -0.37254  0.21717  9  74
86  162  0041  0.6254  0.6474  -136.155  -137.442  -0.42054  0.27717  9  74
86  186  0042  0.6274  0.6332  -140.706  -143.257  -0.36054  0.28917  9  73
86  184  0043  0.6318  0.6332  -140.780  -143.257  -0.36054  0.28917  9  73
86  198  0044  0.6402  0.6332  -142.064  -143.257  -0.36054  0.28917  9  73
86  179  0045  0.5734  0.5380  -138.430  -135.002  -0.36654  0.22317  9  74
86  140  0046  0.5373  0.6273  -143.050  -144.216  -0.34854  0.28917  9  74
86  222  0047  0.6381  0.6369  -145.163  -144.791  -0.34854  0.29517  9  73
86  151  0048  0.5463  0.6273  -140.547  -144.216  -0.34854  0.28917  9  74
86  213  0049  0.6053  0.6273  -143.152  -144.216  -0.34854  0.28917  9  74
129  238  0000  0.6337  0.6332  -141.851  -143.257  -0.36054  0.28917  9  74
129  166  0001  0.5317  0.5387  -146.059  -146.340  -0.28254  0.25317  9  74
129  197  0002  0.6424  0.6527  -138.891  -138.530  -0.41454  0.28317  9  74
129  202  0003  0.5702  0.6114  -139.967  -142.522  -0.35454  0.27717  9  74
129  156  0004  0.5341  0.5210  -148.661  -147.460  -0.26454  0.24717  9  74
129  252  0005  0.5398  0.5297  -135.204  -134.155  -0.36654  0.21717  9  74
129  200  0006  0.6529  0.6332  -141.770  -143.257  -0.36054  0.28917  9  73
129  176  0007  0.5584  0.5663  -145.368  -145.920  -0.30054  0.26517  9  74
129  199  0008  0.5834  0.5465  -138.353  -135.823  -0.36654  0.22917  9  74
129  201  0009  0.6439  0.6562  -138.774  -138.094  -0.42054  0.28317  9  74
129  156  0010  0.5326  0.5236  -149.439  -149.890  -0.24654  0.25317  9  74
129  157  0011  0.5522  0.5634  -149.191  -149.280  -0.27054  0.27117  9  74
129  196  0012  0.5863  0.5417  -137.007  -134.497  -0.37254  0.22317  9  74
129  216  0013  0.6402  0.6332  -141.476  -143.257  -0.36054  0.28917  9  74
129  159  0014  0.5372  0.5566  -144.184  -145.292  -0.30054  0.25917  9  74
129  173  0015  0.5581  0.5691  -144.658  -145.378  -0.30654  0.26517  9  74
129  218  0016  0.6276  0.6238  -140.773  -142.656  -0.36054  0.28317  9  74
129  185  0017  0.6135  0.6313  -147.235  -145.758  -0.33654  0.29517  9  74
129  227  0018  0.6362  0.6332  -141.546  -143.257  -0.36054  0.28917  9  74
129  256  0019  0.6402  0.6369  -145.836  -144.791  -0.34854  0.29517  9  74
129  179  0020  0.6093  0.6313  -147.159  -145.758  -0.33654  0.29517  9  74
129  170  0021  0.5625  0.5683  -148.201  -148.164  -0.28254  0.27117  9  74
129  222  0022  0.6467  0.6332  -142.080  -143.257  -0.36054  0.28917  9  73
129  166  0023  0.5389  0.5539  -145.190  -145.846  -0.29454  0.25917  9  74
129  210  0024  0.6483  0.6332  -141.788  -143.257  -0.36054  0.28917  9  73
129  260  0025  0.6455  0.6369  -145.648  -144.791  -0.34854  0.29517  9  74
129  168  0026  0.6155  0.6313  -147.926  -145.758  -0.33654  0.29517  9  74
129  176  0027  0.5485  0.5650  -140.806  -141.404  -0.33654  0.25317  9  74
129  262  0028  0.6456  0.6397  -144.088  -144.313  -0.35454  0.29517  9  74
129  250  0029  0.6051  0.6273  -143.509  -144.216  -0.34854  0.28917  9  74
129  208  0030  0.6379  0.6562  -137.866  -138.094  -0.42054  0.28317  9  74
129  192  0031  0.5621  0.5623  -139.920  -139.656  -0.34854  0.24717  9  74
129  214  0032  0.6402  0.6562  -137.255  -138.094  -0.42054  0.28317  9  74
129  201  0033  0.5731  0.6054  -142.636  -143.509  -0.34254  0.27717  9  74
129  169  0034  0.5524  0.5584  -147.828  -147.578  -0.28254  0.26517  9  74
129  221  0035  0.6549  0.6562  -138.188  -138.094  -0.42054  0.28317  9  74
129  190  0036  0.6436  0.6527  -139.378  -138.530  -0.41454  0.28317  9  74
129  218  0037  0.5723  0.5417  -137.233  -134.497  -0.37254  0.22317  9  74
129  169  0038  0.5544  0.5682  -142.652  -143.133  -0.32454  0.25917  9  74
129  207  0039  0.5796  0.5465  -137.861  -135.823  -0.36654  0.22917  9  74
129  249  0040  0.5304  0.5297  -135.184  -134.155  -0.36654  0.21717  9  74
129  257  0041  0.6160  0.6273  -144.174  -144.216  -0.34854  0.28917  9  74
129  230  0042  0.6554  0.6437  -147.423  -145.825  -0.34254  0.30117  9  74
129  237  0043  0.6396  0.6341  -146.740  -145.272  -0.34254  0.29517  9  74
129  162  0044  0.6170  0.6405  -138.240  -138.323  -0.40854  0.27717  9  74
129  172  0045  0.5995  0.5859  -148.033  -147.114  -0.30054  0.27717  9  74
129  194  0046  0.6036  0.6216  -146.353  -145.193  -0.33654  0.28917  9  74
129  182  0047  0.6526  0.6631  -134.987  -137.237  -0.43254  0.28317  9  73
129  257  0048  0.6124  0.6273  -143.905  -144.216  -0.34854  0.28917  9  74
129  265  0049  0.6254  0.6302  -143.717  -143.734  -0.35454  0.28917  9  74
172  283  0000  0.6322  0.6332  -142.144  -143.257  -0.36054  0.28917  9  74
172  223  0001  0.6098  0.6161  -146.850  -146.187  -0.32454  0.28917  9  74
172  233  0002  0.6298  0.6509  -135.266  -137.009  -0.42654  0.27717  9  74
172  240  0003  0.6422  0.6527  -138.641  -138.530  -0.41454  0.28317  9  74
172  199  0004  0.6094  0.5932  -149.170  -148.208  -0.29454  0.28317  9  74
172  250  0005  0.5895  0.6149  -144.077  -144.115  -0.34254  0.28317  9  74
172  215  0006  0.5616  0.5776  -143.133  -143.784  -0.32454  0.26517  9  74
172  274  0007  0.6291  0.6341  -146.310  -145.272  -0.34254  0.29517  9  74
172  259  0008  0.6459  0.6562  -137.621  -138.094  -0.42054  0.28317  9  74
172  248  0009  0.6363  0.6474  -136.356  -137.442  -0.42054  0.27717  9  74
172  192  0010  0.6492  0.6494  -140.602  -138.970  -0.40854  0.28317  9  74
172  207  0011  0.5447  0.5566  -144.460  -145.292  -0.30054  0.25917  9  74
172  287  0012  0.6484  0.6437  -146.334  -145.825  -0.34254  0.30117  9  74
172  270  0013  0.5911  0.6084  -141.841  -143.013  -0.34854  0.27717  9  74
172  230  0014  0.6554  0.6631  -135.566  -137.237  -0.43254  0.28317  9  73
172  244  0015  0.5477  0.5393  -138.759  -136.847  -0.35454  0.22917  9  74
172  232  0016  0.6484  0.6527  -139.400  -138.530  -0.41454  0.28317  9  74
172  211  0017  0.5443  0.5512  -145.646  -146.405  -0.28854  0.25917  9  74
172  214  0018  0.5468  0.5512  -146.358  -146.405  -0.28854  0.25917  9  74
172  250  0019  0.6498  0.6362  -142.172  -142.784  -0.36654  0.28917  9  74
172  182  0020  0.5325  0.5558  -141.900  -142.997  -0.31854  0.25317  9  74
172  208  0021  0.5749  0.5758  -149.259  -149.279  -0.27654  0.27717  9  74
172  209  0022  0.6364  0.6357  -148.530  -147.279  -0.32454  0.30117  9  74
172  193  0023  0.5403  0.5594  -143.284  -144.744  -0.30654  0.25917  9  74
172  232  0024  0.5945  0.6084  -138.932  -140.913  -0.36654  0.27117  9  74
172  246  0025  0.5863  0.6052  -139.548  -141.398  -0.36054  0.27117  9  74
172  252  0026  0.5885  0.6052  -139.923  -141.398  -0.36054  0.27117  9  74
172  219  0027  0.6517  0.6362  -141.480  -142.784  -0.36654  0.28917  9  74
172  242  0028  0.6320  0.6313  -147.417  -145.758  -0.33654  0.29517  9  74
172  231  0029  0.5981  0.6084  -138.959  -140.913  -0.36654  0.27117  9  74
172  261  0030  0.5489  0.5429  -137.807  -136.332  -0.36054  0.22917  9  74
172  193  0031  0.6032  0.6352  -135.906  -137.213  -0.41454  0.27117  9  74
172  235  0032  0.6263  0.6286  -147.357  -146.248  -0.33054  0.29517  9  74
172  295  0033  0.6077  0.6208  -142.225  -143.137  -0.35454  0.28317  9  74
172  206  0034  0.6127  0.5983  -147.903  -147.158  -0.30654  0.28317  9  74
172  219  0035  0.5731  0.5815  -144.777  -145.461  -0.31254  0.27117  9  74
172  215  0036  0.5617  0.5691  -144.680  -145.378  -0.30654  0.26517  9  74
172  192  0037  0.6068  0.6160  -137.248  -137.884  -0.39654  0.26517  9  74
172  282  0038  0.5370  0.5343  -136.040  -135.513  -0.36054  0.22317  9  74
172  226  0039  0.5731  0.5900  -143.617  -143.899  -0.33054  0.27117  9  74
172  275  0040  0.6070  0.6145  -140.902  -142.036  -0.36054  0.27717  9  74
172  209  0041  0.5363  0.5387  -146.300  -146.340  -0.28254  0.25317  9  74
172  227  0042  0.5890  0.5967  -145.327  -145.025  -0.32454  0.27717  9  74
172  260  0043  0.6545  0.6332  -142.891  -143.257  -0.36054  0.28917  9  73
172  206  0044  0.5696  0.5734  -149.674  -149.831  -0.27054  0.27717  9  74
172  300  0045  0.6533  0.6397  -144.602  -144.313  -0.35454  0.29517  9  73
172  202  0046  0.6028  0.5907  -149.260  -148.741  -0.28854  0.28317  9  74
172  239  0047  0.5820  0.6052  -139.232  -141.398  -0.36054  0.27117  9  74
172  269  0048  0.5888  0.6084  -141.981  -143.013  -0.34854  0.27717  9  74
172  230  0049  0.6443  0.6509  -135.224  -137.009  -0.42654  0.27717  9  74
215  294  0000  0.5316  0.5307  -137.343  -136.031  -0.35454  0.22317  9  74
215  327  0001  0.6520  0.6437  -146.501  -145.825  -0.34254  0.30117  9  74
215  273  0002  0.5692  0.5866  -141.886  -142.238  -0.34254  0.26517  9  74
215  251  0003  0.5430  0.5558  -140.553  -140.698  -0.33654  0.24717  9  74
215  260  0004  0.6236  0.6259  -147.598  -146.742  -0.32454  0.29517  9  74
215  238  0005  0.5303  0.5259  -149.128  -149.284  -0.25254  0.25317  9  74
215  252  0006  0.6227  0.6233  -147.834  -147.240  -0.31854  0.29517  9  74
215  256  0007  0.6074  0.6010  -147.169  -146.639  -0.31254  0.28317  9  74
215  245  0008  0.5609  0.5634  -149.194  -149.280  -0.27054  0.27117  9  74
215  313  0009  0.5422  0.5343  -136.858  -135.513  -0.36054  0.22317  9  74
215  334  0010  0.6214  0.6244  -144.945  -144.702  -0.34254  0.28917  9  74
215  274  0011  0.5633  0.5714  -140.224  -140.370  -0.34854  0.25317  9  74
215  228  0012  0.6230  0.6057  -149.142  -148.229  -0.30054  0.28917  9  74
215  316  0013  0.6396  0.6332  -142.378  -143.257  -0.36054  0.28917  9  74
215  238  0014  0.5500  0.5587  -149.629  -150.415  -0.25854  0.27117  9  74
215  299  0015  0.6192  0.6216  -146.148  -145.193  -0.33654  0.28917  9  74
215  311  0016  0.6303  0.6268  -141.637  -142.179  -0.36654  0.28317  9  74
215  289  0017  0.6380  0.6474  -136.409  -137.442  -0.42054  0.27717  9  74
215  264  0018  0.5847  0.5586  -137.524  -136.119  -0.37254  0.23517  9  74
215  263  0019  0.5617  0.5636  -146.524  -146.468  -0.29454  0.26517  9  74
215  290  0020  0.6420  0.6562  -138.007  -138.094  -0.42054  0.28317  9  74
215  253  0021  0.5422  0.5467  -140.430  -139.968  -0.33654  0.24117  9  74
215  338  0022  0.6265  0.6273  -144.934  -144.216  -0.34854  0.28917  9  74
215  247  0023  0.6110  0.6352  -135.963  -137.213  -0.41454  0.27117  9  74
215  253  0024  0.6555  0.6527  -140.206  -138.530  -0.41454  0.28317  9  74
215  218  0025  0.6405  0.6382  -149.784  -149.273  -0.30654  0.30717  9  74
215  281  0026  0.6541  0.6631  -135.960  -137.237  -0.43254  0.28317  9  74
215  244  0027  0.6117  0.5983  -148.163  -147.158  -0.30654  0.28317  9  74
215  234  0028  0.5424  0.5623  -143.200  -144.202  -0.31254  0.25917  9  74
215  244  0029  0.6017  0.5932  -149.011  -148.208  -0.29454  0.28317  9  74
215  247  0030  0.5740  0.5734  -149.825  -149.831  -0.27054  0.27717  9  74
215  330  0031  0.6467  0.6437  -146.290  -145.825  -0.34254  0.30117  9  74
215  259  0032  0.5643  0.5776  -143.125  -143.784  -0.32454  0.26517  9  74
215  239  0033  0.5309  0.5309  -148.540  -148.090  -0.26454  0.25317  9  74
215  317  0034  0.5452  0.5343  -136.593  -135.513  -0.36054  0.22317  9  74
215  263  0035  0.5663  0.5636  -146.436  -146.468  -0.29454  0.26517  9  74
215  263  0036  0.5857  0.5815  -145.587  -145.461  -0.31254  0.27117  9  74
215  237  0037  0.6314  0.6304  -139.533  -139.679  -0.39054  0.27717  9  74
215  276  0038  0.5843  0.5996  -144.254  -144.514  -0.33054  0.27717  9  74
215  239  0039  0.5939  0.5744  -136.640  -135.919  -0.38454  0.24117  9  74
215  271  0040  0.6245  0.6352  -136.715  -137.213  -0.41454  0.27117  9  74
215  259  0041  0.5591  0.5712  -142.353  -142.607  -0.33054  0.25917  9  74
215  313  0042  0.5419  0.5343  -136.876  -135.513  -0.36054  0.22317  9  74
215  255  0043  0.5494  0.5485  -147.213  -146.970  -0.28254  0.25917  9  74
215  288  0044  0.6392  0.6509  -136.049  -137.009  -0.42654  0.27717  9  74
215  326  0045  0.6556  0.6465  -146.525  -145.348  -0.34854  0.30117  9  74
215  298  0046  0.6298  0.6268  -141.181  -142.179  -0.36654  0.28317  9  74
215  243  0047  0.5997  0.5969  -137.947  -138.599  -0.37854  0.25917  9  74
215  237  0048  0.5420  0.5594  -143.510  -144.744  -0.30654  0.25917  9  74
215  327  0049  0.6062  0.6208  -141.820  -143.137  -0.35454  0.28317  9  74
258  275  0000  0.6073  0.6230  -135.725  -136.974  -0.40854  0.26517  9  74
258  276  0001  0.6194  0.6082  -148.666  -147.712  -0.30654  0.28917  9  74
258  307  0002  0.5674  0.5712  -142.430  -142.607  -0.33054  0.25917  9  74
258  301  0003  0.5953  0.5885  -146.846  -146.584  -0.30654  0.27717  9  74
258  298  0004  0.5473  0.5512  -146.459  -146.405  -0.28854  0.25917  9  74
258  378  0005  0.6133  0.6208  -142.196  -143.137  -0.35454  0.28317  9  74
258  301  0006  0.5497  0.5558  -140.724  -140.698  -0.33654  0.24717  9  74
258  281  0007  0.6024  0.6003  -137.724  -138.123  -0.38454  0.25917  9  75
258  291  0008  0.5823  0.5575  -135.301  -134.337  -0.38454  0.22917  9  74
258  280  0009  0.5311  0.5284  -148.890  -148.684  -0.25854  0.25317  9  74
258  307  0010  0.5808  0.5761  -146.880  -146.527  -0.30054  0.27117  9  74
258  318  0011  0.6136  0.6207  -139.925  -141.079  -0.37254  0.27717  9  74
258  355  0012  0.6240  0.6341  -145.809  -145.272  -0.34254  0.29517  9  74
258  383  0013  0.6140  0.6208  -142.956  -143.137  -0.35454  0.28317  9  74
258  293  0014  0.5458  0.5459  -147.512  -147.540  -0.27654  0.25917  9  74
258  302  0015  0.5456  0.5500  -140.069  -139.440  -0.34254  0.24117  9  74
258  376  0016  0.6381  0.6332  -142.961  -143.257  -0.36054  0.28917  9  74
258  347  0017  0.5927  0.6054  -143.218  -143.509  -0.34254  0.27717  9  74
258  307  0018  0.5427  0.5500  -139.625  -139.440  -0.34254  0.24117  9  74
258  331  0019  0.5709  0.5538  -135.749  -134.825  -0.37854  0.22917  9  74
258  294  0020  0.5554  0.5619  -142.127  -141.929  -0.33054  0.25317  9  74
258  377  0021  0.6249  0.6238  -142.327  -142.656  -0.36054  0.28317  9  74
258  349  0022  0.5361  0.5343  -136.765  -135.513  -0.36054  0.22317  9  74
258  289  0023  0.5874  0.5883  -149.472  -149.277  -0.28254  0.28317  9  74
258  375  0024  0.5366  0.5297  -134.984  -134.155  -0.36654  0.21717  9  74
258  294  0025  0.6242  0.6317  -137.987  -137.658  -0.40854  0.27117  9  74
258  383  0026  0.6157  0.6178  -143.354  -143.624  -0.34854  0.28317  8  74
258  372  0027  0.6501  0.6465  -146.176  -145.348  -0.34854  0.30117  9  74
258  265  0028  0.6517  0.6460  -140.710  -139.414  -0.40254  0.28317  9  74
258  332  0029  0.6504  0.6596  -136.350  -137.663  -0.42654  0.28317  9  74
258  305  0030  0.5670  0.5636  -146.636  -146.468  -0.29454  0.26517  9  74
258  338  0031  0.6183  0.6216  -146.073  -145.193  -0.33654  0.28917  9  74
258  326  0032  0.5341  0.5358  -137.889  -137.370  -0.34854  0.22917  9  74
258  331  0033  0.6426  0.6362  -141.864  -142.784  -0.36654  0.28917  9  74
258  320  0034  0.5686  0.5602  -138.899  -137.894  -0.36054  0.24117  9  75
258  299  0035  0.5543  0.5650  -141.332  -141.404  -0.33654  0.25317  9  74
258  390  0036  0.6268  0.6273  -143.997  -144.216  -0.34854  0.28917  8  74
258  319  0037  0.5757  0.5836  -142.786  -142.748  -0.33654  0.26517  9  74
258  291  0038  0.5898  0.5708  -137.205  -136.403  -0.37854  0.24117  9  75
258  357  0039  0.6046  0.6145  -140.945  -142.036  -0.36054  0.27717  9  74
258  328  0040  0.5970  0.6084  -139.805  -140.913  -0.36654  0.27117  9  75
258  270  0041  0.6011  0.6073  -136.738  -137.186  -0.39654  0.25917  9  75
258  324  0042  0.5760  0.5897  -141.313  -141.733  -0.34854  0.26517  9  74
258  368  0043  0.6427  0.6437  -146.322  -145.825  -0.34254  0.30117  9  74
258  369  0044  0.5337  0.5297  -135.395  -134.155  -0.36654  0.21717  9  74
258  348  0045  0.5992  0.6149  -143.995  -144.115  -0.34254  0.28317  9  74
258  280  0046  0.6096  0.5932  -148.897  -148.208  -0.29454  0.28317  9  74
258  384  0047  0.6467  0.6369  -145.551  -144.791  -0.34854  0.29517  9  74
258  306  0048  0.5691  0.5761  -146.043  -146.527  -0.30054  0.27117  9  74
258  328  0049  0.5813  0.5930  -142.852  -143.389  -0.33654  0.27117  9  74
301  341  0000  0.5559  0.5663  -145.370  -145.920  -0.30054  0.26517  9  75
301  353  0001  0.5594  0.5682  -140.590  -140.884  -0.34254  0.25317  9  75
301  337  0002  0.5360  0.5378  -139.443  -139.214  -0.33654  0.23517  9  75
301  345  0003  0.5584  0.5636  -145.934  -146.468  -0.29454  0.26517  9  75
301  322  0004  0.6259  0.6207  -148.494  -147.743  -0.31254  0.29517  9  75
301  349  0005  0.6288  0.6207  -140.522  -141.079  -0.37254  0.27717  9  74
301  352  0006  0.5821  0.5813  -138.581  -138.864  -0.36654  0.25317  8  75
301  320  0007  0.6056  0.6008  -149.336  -149.276  -0.28854  0.28917  9  75
301  341  0008  0.6026  0.6010  -147.014  -146.639  -0.31254  0.28317  9  75
301  355  0009  0.5778  0.5672  -137.586  -136.894  -0.37254  0.24117  8  75
301  338  0010  0.5540  0.5566  -145.263  -145.292  -0.30054  0.25917  9  75
301  363  0011  0.5999  0.6084  -139.631  -140.913  -0.36654  0.27117  9  75
301  353  0012  0.5652  0.5742  -141.455  -142.087  -0.33654  0.25917  9  75
301  345  0013  0.5654  0.5708  -147.582  -147.613  -0.28854  0.27117  9  75
301  310  0014  0.6054  0.6108  -136.396  -136.726  -0.40254  0.25917  9  75
301  347  0015  0.6218  0.6259  -147.284  -146.742  -0.32454  0.29517  9  75
301  347  0016  0.5770  0.5843  -144.475  -144.935  -0.31854  0.27117  9  75
301  328  0017  0.5418  0.5526  -140.844  -141.228  -0.33054  0.24717  9  75
301  333  0018  0.5300  0.5411  -138.950  -138.682  -0.34254  0.23517  9  74
301  347  0019  0.5599  0.5610  -147.007  -147.020  -0.28854  0.26517  9  75
301  372  0020  0.6256  0.6268  -140.938  -142.179  -0.36654  0.28317  8  75
301  362  0021  0.5721  0.5805  -140.768  -141.063  -0.34854  0.25917  9  75
301  393  0022  0.6307  0.6268  -141.680  -142.179  -0.36654  0.28317  9  74
301  293  0023  0.5984  0.6059  -135.000  -135.548  -0.40854  0.25317  8  75
301  335  0024  0.6163  0.6352  -136.327  -137.213  -0.41454  0.27117  9  74
301  361  0025  0.5709  0.5714  -140.425  -140.370  -0.34854  0.25317  9  75
301  354  0026  0.5624  0.5623  -140.268  -139.656  -0.34854  0.24717  9  75
301  324  0027  0.6423  0.6331  -140.849  -141.239  -0.37854  0.28317  9  74
301  345  0028  0.5590  0.5610  -146.676  -147.020  -0.28854  0.26517  9  75
301  357  0029  0.5773  0.5672  -137.713  -136.894  -0.37254  0.24117  9  75
301  356  0030  0.5863  0.5902  -139.074  -139.568  -0.36654  0.25917  9  75
301  327  0031  0.5587  0.5634  -149.349  -149.280  -0.27054  0.27117  9  75
301  346  0032  0.5892  0.5859  -147.407  -147.114  -0.30054  0.27717  9  75
301  336  0033  0.5590  0.5623  -144.045  -144.202  -0.31254  0.25917  9  75
301  348  0034  0.5777  0.5815  -145.342  -145.461  -0.31254  0.27117  9  75
301  387  0035  0.6522  0.6596  -137.511  -137.663  -0.42654  0.28317  9  74
301  434  0036  0.6299  0.6302  -143.840  -143.734  -0.35454  0.28917  8  74
301  352  0037  0.5801  0.5724  -138.322  -138.139  -0.36654  0.24717  9  75
301  381  0038  0.5448  0.5393  -137.868  -136.847  -0.35454  0.22917  9  75
301  408  0039  0.5322  0.5297  -135.283  -134.155  -0.36654  0.21717  9  74
301  303  0040  0.6435  0.6382  -149.764  -149.273  -0.30654  0.30717  9  74
301  328  0041  0.5444  0.5433  -148.333  -148.116  -0.27054  0.25917  9  75
301  412  0042  0.6060  0.6114  -142.016  -142.522  -0.35454  0.27717  8  75
301  425  0043  0.6451  0.6369  -145.497  -144.791  -0.34854  0.29517  8  74
301  377  0044  0.5362  0.5393  -137.523  -136.847  -0.35454  0.22917  9  74
301  350  0045  0.5704  0.5734  -146.839  -147.068  -0.29454  0.27117  9  75
301  421  0046  0.6379  0.6332  -143.143  -143.257  -0.36054  0.28917  8  74
301  343  0047  0.5649  0.5691  -145.050  -145.378  -0.30654  0.26517  9  75
301  344  0048  0.5732  0.5788  -145.358  -145.991  -0.30654  0.27117  9  75
301  317  0049  0.5955  0.5951  -136.788  -136.936  -0.39054  0.25317  9  75
344  466  0000  0.6493  0.6465  -145.739  -145.348  -0.34854  0.30117  8  74
344  367  0001  0.6098  0.6057  -148.423  -148.229  -0.30054  0.28917  9  75
344  374  0002  0.5307  0.5360  -146.766  -146.918  -0.27654  0.25317  9  75
344  420  0003  0.6428  0.6474  -137.630  -137.442  -0.42054  0.27717  8  74
344  415  0004  0.5846  0.5929  -140.655  -141.234  -0.35454  0.26517  8  75
344  420  0005  0.6504  0.6508  -147.411  -146.837  -0.33654  0.30717  8  74
344  416  0006  0.5830  0.5960  -142.281  -142.883  -0.34254  0.27117  8  75
344  399  0007  0.5711  0.5742  -141.767  -142.087  -0.33654  0.25917  9  75
344  414  0008  0.5818  0.5897  -141.153  -141.733  -0.34854  0.26517  8  75
344  399  0009  0.5976  0.5967  -145.426  -145.025  -0.32454  0.27717  9  75
344  373  0010  0.5714  0.5758  -148.931  -149.279  -0.27654  0.27717  9  75
344  412  0011  0.5837  0.5930  -143.111  -143.389  -0.33654  0.27117  9  75
344  360  0012  0.6103  0.6266  -135.787  -136.527  -0.41454  0.26517  8  75
344  388  0013  0.6213  0.6352  -136.289  -137.213  -0.41454  0.27117  8  75
344  387  0014  0.5570  0.5610  -147.032  -147.020  -0.28854  0.26517  9  75
344  413  0015  0.6412  0.6362  -141.929  -142.784  -0.36654  0.28917  8  74
344  388  0016  0.5851  0.5843  -145.398  -144.935  -0.31854  0.27117  9  75
344  388  0017  0.5404  0.5411  -139.405  -138.682  -0.34254  0.23517  9  75
344  402  0018  0.5938  0.5967  -144.933  -145.025  -0.32454  0.27717  9  75
344  437  0019  0.5508  0.5429  -136.939  -136.332  -0.36054  0.22917  9  75
344  405  0020  0.5524  0.5534  -139.267  -138.918  -0.34854  0.24117  9  75
344  375  0021  0.5510  0.5619  -141.699  -141.929  -0.33054  0.25317  9  75
344  388  0022  0.6467  0.6545  -135.364  -136.581  -0.43254  0.27717  8  74
344  458  0023  0.6451  0.6437  -146.133  -145.825  -0.34254  0.30117  8  74
344  477  0024  0.6331  0.6302  -143.768  -143.734  -0.35454  0.28917  8  74
344  354  0025  0.6217  0.6157  -149.077  -148.760  -0.30054  0.29517  9  75
344  452  0026  0.6136  0.6149  -144.162  -144.115  -0.34254  0.28317  8  75
344  419  0027  0.5513  0.5480  -138.252  -137.637  -0.35454  0.23517  9  75
344  384  0028  0.5550  0.5584  -147.311  -147.578  -0.28254  0.26517  9  75
344  399  0029  0.5757  0.5779  -139.133  -139.361  -0.36054  0.25317  8  75
344  383  0030  0.6438  0.6494  -139.309  -138.970  -0.40854  0.28317  8  75
344  407  0031  0.6448  0.6509  -135.903  -137.009  -0.42654  0.27717  8  74
344  388  0032  0.5897  0.5859  -147.477  -147.114  -0.30054  0.27717  9  75
344  370  0033  0.6295  0.6271  -139.934  -140.141  -0.38454  0.27717  8  75
344  474  0034  0.6460  0.6397  -144.445  -144.313  -0.35454  0.29517  8  74
344  434  0035  0.6412  0.6362  -142.416  -142.784  -0.36654  0.28917  8  74
344  373  0036  0.6401  0.6331  -140.916  -141.239  -0.37854  0.28317  9  75
344  402  0037  0.5589  0.5623  -139.762  -139.656  -0.34854  0.24717  9  75
344  403  0038  0.5594  0.5534  -139.280  -138.918  -0.34854  0.24117  9  75
344  378  0039  0.5496  0.5566  -144.809  -145.292  -0.30054  0.25917  9  75
344  421  0040  0.5871  0.5960  -142.727  -142.883  -0.34254  0.27117  8  75
344  391  0041  0.5818  0.5759  -137.952  -137.645  -0.37254  0.24717  8  75
344  369  0042  0.5324  0.5309  -147.994  -148.090  -0.26454  0.25317  9  75
344  362  0043  0.5343  0.5384  -149.144  -149.283  -0.25854  0.25917  9  75
344  337  0044  0.6004  0.6144  -135.196  -136.271  -0.40854  0.25917  8  75
344  374  0045  0.5306  0.5262  -146.457  -146.272  -0.27654  0.24717  9  75
344  374  0046  0.5420  0.5442  -144.931  -145.203  -0.29454  0.25317  9  75
344  404  0047  0.5831  0.5869  -139.913  -140.061  -0.36054  0.25917  8  75
344  406  0048  0.5308  0.5358  -137.674  -137.370  -0.34854  0.22917  9  75
344  391  0049  0.6285  0.6259  -147.458  -146.742  -0.32454  0.29517  9  75
387  480  0000  0.5477  0.5429  -136.850  -136.332  -0.36054  0.22917  8  75
387  452  0001  0.6026  0.6092  -145.301  -145.110  -0.33054  0.28317  8  75
387  422  0002  0.6344  0.6332  -148.084  -147.772  -0.31854  0.30117  9  75
387  405  0003  0.5441  0.5495  -141.816  -141.764  -0.32454  0.24717  9  75
387  454  0004  0.5801  0.5866  -142.059  -142.238  -0.34254  0.26517  8  75
387  465  0005  0.6017  0.6120  -144.577  -144.610  -0.33654  0.28317  8  75
387  485  0006  0.6394  0.6437  -146.307  -145.825  -0.34254  0.30117  8  75
387  437  0007  0.6262  0.6387  -136.164  -136.773  -0.42054  0.27117  8  75
387  397  0008  0.6267  0.6182  -148.630  -148.249  -0.30654  0.29517  9  75
387  491  0009  0.5382  0.5343  -135.738  -135.513  -0.36054  0.22317  9  75
387  412  0010  0.5311  0.5290  -145.444  -145.687  -0.28254  0.24717  9  75
387  472  0011  0.5617  0.5501  -135.833  -135.321  -0.37254  0.22917  8  75
387  414  0012  0.5315  0.5334  -147.578  -147.501  -0.27054  0.25317  9  75
387  412  0013  0.6177  0.6301  -135.512  -136.084  -0.42054  0.26517  8  75
387  426  0014  0.5751  0.5575  -135.028  -134.337  -0.38454  0.22917  8  75
387  443  0015  0.5978  0.5967  -145.270  -145.025  -0.32454  0.27717  8  75
387  445  0016  0.5718  0.5690  -138.705  -138.638  -0.36054  0.24717  8  76
387  458  0017  0.6428  0.6439  -137.820  -137.880  -0.41454  0.27717  8  74
387  428  0018  0.6197  0.6259  -147.125  -146.742  -0.32454  0.29517  9  75
387  432  0019  0.5824  0.5759  -138.082  -137.645  -0.37254  0.24717  8  76
387  445  0020  0.5619  0.5623  -139.656  -139.656  -0.34854  0.24717  9  75
387  401  0021  0.6375  0.6271  -140.312  -140.141  -0.38454  0.27717  8  75
387  443  0022  0.5312  0.5358  -137.838  -137.370  -0.34854  0.22917  9  75
387  401  0023  0.6230  0.6182  -148.458  -148.249  -0.30654  0.29517  9  75
387  420  0024  0.5563  0.5558  -148.014  -148.140  -0.27654  0.26517  9  75
387  454  0025  0.6353  0.6474  -136.610  -137.442  -0.42054  0.27717  8  75
387  412  0026  0.5548  0.5588  -142.720  -142.460  -0.32454  0.25317  9  75
387  455  0027  0.5807  0.5866  -142.079  -142.238  -0.34254  0.26517  8  75
387  388  0028  0.6260  0.6157  -149.223  -148.760  -0.30054  0.29517  9  75
387  418  0029  0.5889  0.5883  -149.342  -149.277  -0.28254  0.28317  9  75
387  416  0030  0.5999  0.5958  -148.246  -147.681  -0.30054  0.28317  9  75
387  473  0031  0.6555  0.6562  -137.887  -138.094  -0.42054  0.28317  8  74
387  447  0032  0.5847  0.5900  -143.771  -143.899  -0.33054  0.27117  9  75
387  416  0033  0.5522  0.5588  -142.243  -142.460  -0.32454  0.25317  9  75
387  518  0034  0.6248  0.6273  -144.154  -144.216  -0.34854  0.28917  8  75
387  466  0035  0.5921  0.6054  -143.207  -143.509  -0.34254  0.27717  8  75
387  418  0036  0.5395  0.5360  -146.947  -146.918  -0.27654  0.25317  9  75
387  427  0037  0.5683  0.5683  -148.019  -148.164  -0.28254  0.27117  9  75
387  399  0038  0.6094  0.6195  -136.745  -137.427  -0.40254  0.26517  8  75
387  433  0039  0.5763  0.5761  -146.850  -146.527  -0.30054  0.27117  9  75
387  417  0040  0.5424  0.5459  -147.116  -147.540  -0.27654  0.25917  9  75
387  503  0041  0.6153  0.6178  -143.933  -143.624  -0.34854  0.28317  8  75
387  395  0042  0.5388  0.5464  -141.730  -142.306  -0.31854  0.24717  9  75
387  505  0043  0.6275  0.6273  -144.810  -144.216  -0.34854  0.28917  8  75
387  424  0044  0.5459  0.5512  -146.108  -146.405  -0.28854  0.25917  9  75
387  399  0045  0.6101  0.6008  -149.601  -149.276  -0.28854  0.28917  9  75
387  394  0046  0.5298  0.5346  -143.693  -144.536  -0.29454  0.24717  9  75
387  497  0047  0.6200  0.6238  -141.902  -142.656  -0.36054  0.28317  8  75
387  502  0048  0.6193  0.6238  -142.084  -142.656  -0.36054  0.28317  8  75
387  458  0049  0.5841  0.5960  -142.163  -142.883  -0.34254  0.27117  8  75
429  496  0000  0.5302  0.5358  -137.061  -137.370  -0.34854  0.22917  9  75
429  473  0001  0.5505  0.5558  -140.547  -140.698  -0.33654  0.24717  9  76
429  500  0002  0.6438  0.6439  -137.803  -137.880  -0.41454  0.27717  8  75
429  509  0003  0.5605  0.5550  -137.044  -136.619  -0.36654  0.23517  8  76
429  464  0004  0.5649  0.5747  -143.951  -144.310  -0.31854  0.26517  9  76
429  461  0005  0.6238  0.6283  -138.067  -138.108  -0.40254  0.27117  8  75
429  457  0006  0.5614  0.5658  -148.794  -148.720  -0.27654  0.27117  9  76
429  547  0007  0.6163  0.6273  -143.936  -144.216  -0.34854  0.28917  8  75
429  489  0008  0.6227  0.6286  -146.654  -146.248  -0.33054  0.29517  8  76
429  538  0009  0.5350  0.5380  -135.155  -135.002  -0.36654  0.22317  9  75
429  557  0010  0.6343  0.6302  -144.168  -143.734  -0.35454  0.28917  8  75
429  450  0011  0.5474  0.5495  -141.828  -141.764  -0.32454  0.24717  9  76
429  468  0012  0.5566  0.5619  -141.611  -141.929  -0.33054  0.25317  9  76
429  446  0013  0.6245  0.6207  -148.389  -147.743  -0.31254  0.29517  9  75
429  465  0014  0.5449  0.5512  -146.191  -146.405  -0.28854  0.25917  9  75
429  450  0015  0.6159  0.6082  -148.106  -147.712  -0.30654  0.28917  9  76
429  476  0016  0.6436  0.6456  -147.845  -147.800  -0.32454  0.30717  8  75
429  542  0017  0.6307  0.6332  -142.598  -143.257  -0.36054  0.28917  8  75
429  478  0018  0.5754  0.5708  -136.869  -136.403  -0.37854  0.24117  8  76
429  524  0019  0.6041  0.6149  -143.859  -144.115  -0.34254  0.28317  8  76
429  506  0020  0.6447  0.6474  -137.610  -137.442  -0.42054  0.27717  8  75
429  437  0021  0.6077  0.6108  -136.560  -136.726  -0.40254  0.25917  8  76
429  438  0022  0.6475  0.6331  -141.233  -141.239  -0.37854  0.28317  8  75
429  446  0023  0.6184  0.6082  -148.217  -147.712  -0.30654  0.28917  9  76
429  448  0024  0.5388  0.5409  -148.868  -148.696  -0.26454  0.25917  9  75
429  459  0025  0.5354  0.5334  -147.680  -147.501  -0.27054  0.25317  9  75
429  552  0026  0.6322  0.6369  -145.004  -144.791  -0.34854  0.29517  8  75
429  520  0027  0.6106  0.6120  -144.613  -144.610  -0.33654  0.28317  8  75
429  502  0028  0.5882  0.5990  -141.406  -142.383  -0.34854  0.27117  8  76
429  462  0029  0.5419  0.5414  -145.673  -145.768  -0.28854  0.25317  9  75
429  521  0030  0.6421  0.6410  -146.722  -146.305  -0.33654  0.30117  8  75
429  455  0031  0.5952  0.5883  -149.697  -149.277  -0.28254  0.28317  9  75
429  493  0032  0.6480  0.6509  -136.159  -137.009  -0.42654  0.27717  8  74
429  485  0033  0.5735  0.5622  -136.154  -135.626  -0.37854  0.23517  8  76
429  477  0034  0.5906  0.5940  -145.546  -145.540  -0.31854  0.27717  9  76
429  493  0035  0.6511  0.6482  -147.742  -147.316  -0.33054  0.30717  8  75
429  477  0036  0.5714  0.5712  -142.642  -142.607  -0.33054  0.25917  9  76
429  453  0037  0.5637  0.5634  -149.544  -149.280  -0.27054  0.27117  9  76
429  559  0038  0.6354  0.6369  -144.923  -144.791  -0.34854  0.29517  8  75
429  530  0039  0.5393  0.5343  -136.079  -135.513  -0.36054  0.22317  8  75
429  453  0040  0.5481  0.5594  -144.141  -144.744  -0.30654  0.25917  9  75
429  454  0041  0.5531  0.5623  -143.592  -144.202  -0.31254  0.25917  9  76
429  483  0042  0.5752  0.5672  -137.359  -136.894  -0.37254  0.24117  8  76
429  463  0043  0.5465  0.5539  -145.287  -145.846  -0.29454  0.25917  9  75
429  449  0044  0.6279  0.6207  -148.228  -147.743  -0.31254  0.29517  9  75
429  446  0045  0.5373  0.5470  -144.024  -144.642  -0.30054  0.25317  9  75
429  477  0046  0.5769  0.5708  -136.484  -136.403  -0.37854  0.24117  8  76
429  423  0047  0.6022  0.6144  -135.353  -136.271  -0.40854  0.25917  8  75
429  474  0048  0.6282  0.6317  -137.718  -137.658  -0.40854  0.27117  8  75
429  473  0049  0.5856  0.5833  -147.890  -147.648  -0.29454  0.27717  9  75
472  541  0000  0.6417  0.6509  -136.605  -137.009  -0.42654  0.27717  8  75
472  527  0001  0.5733  0.5690  -138.865  -138.638  -0.36054  0.24717  8  76
472  518  0002  0.5776  0.5672  -137.534  -136.894  -0.37254  0.24117  8  76
472  524  0003  0.5902  0.5902  -139.510  -139.568  -0.36654  0.25917  8  76
472  521  0004  0.5819  0.5872  -144.366  -144.415  -0.32454  0.27117  8  76
472  586  0005  0.6479  0.6426  -143.869  -143.841  -0.36054  0.29517  8  75
472  508  0006  0.6410  0.6331  -141.395  -141.239  -0.37854  0.28317  8  75
472  551  0007  0.6269  0.6268  -141.403  -142.179  -0.36654  0.28317  8  76
472  499  0008  0.5877  0.5829  -137.020  -136.675  -0.38454  0.24717  8  76
472  500  0009  0.5829  0.5744  -136.093  -135.919  -0.38454  0.24117  8  76
472  495  0010  0.5656  0.5711  -149.793  -150.389  -0.26454  0.27717  9  76
472  579  0011  0.6515  0.6437  -146.140  -145.825  -0.34254  0.30117  8  75
472  476  0012  0.6004  0.5987  -136.585  -136.468  -0.39654  0.25317  8  76
472  481  0013  0.6422  0.6362  -140.645  -140.776  -0.38454  0.28317  8  75
472  494  0014  0.5959  0.5916  -137.566  -137.409  -0.38454  0.25317  8  76
472  586  0015  0.6309  0.6341  -145.458  -145.272  -0.34254  0.29517  8  76
472  547  0016  0.6404  0.6474  -137.318  -137.442  -0.42054  0.27717  8  75
472  514  0017  0.5570  0.5650  -141.113  -141.404  -0.33654  0.25317  9  76
472  517  0018  0.5787  0.5872  -144.219  -144.415  -0.32454  0.27117  8  76
472  515  0019  0.5613  0.5636  -146.595  -146.468  -0.29454  0.26517  9  76
472  509  0020  0.6216  0.6352  -136.595  -137.213  -0.41454  0.27117  8  75
472  501  0021  0.5370  0.5414  -145.491  -145.768  -0.28854  0.25317  9  76
472  522  0022  0.5808  0.5872  -144.122  -144.415  -0.32454  0.27117  8  76
472  511  0023  0.6501  0.6456  -148.388  -147.800  -0.32454  0.30717  8  75
472  510  0024  0.5798  0.5794  -137.308  -137.157  -0.37854  0.24717  8  76
472  501  0025  0.6329  0.6371  -138.922  -138.770  -0.40254  0.27717  8  76
472  595  0026  0.6296  0.6273  -144.710  -144.216  -0.34854  0.28917  8  75
472  475  0027  0.6110  0.6180  -134.921  -135.822  -0.41454  0.25917  8  75
472  577  0028  0.5338  0.5343  -135.485  -135.513  -0.36054  0.22317  9  75
472  485  0029  0.5454  0.5558  -142.182  -142.997  -0.31854  0.25317  9  76
472  531  0030  0.5780  0.5837  -140.320  -140.559  -0.35454  0.25917  8  76
472  506  0031  0.5531  0.5539  -145.400  -145.846  -0.29454  0.25917  9  76
472  548  0032  0.6323  0.6313  -146.562  -145.758  -0.33654  0.29517  8  76
472  479  0033  0.6437  0.6395  -140.424  -140.317  -0.39054  0.28317  8  75
472  488  0034  0.6177  0.6248  -138.444  -138.563  -0.39654  0.27117  8  76
472  573  0035  0.6146  0.6244  -144.680  -144.702  -0.34254  0.28917  8  76
472  527  0036  0.5951  0.5993  -139.538  -140.250  -0.36654  0.26517  8  76
472  562  0037  0.5298  0.5343  -135.894  -135.513  -0.36054  0.22317  8  75
472  482  0038  0.5884  0.5780  -135.790  -135.440  -0.39054  0.24117  8  76
472  558  0039  0.5602  0.5501  -135.803  -135.321  -0.37254  0.22917  8  76
472  495  0040  0.5389  0.5433  -148.191  -148.116  -0.27054  0.25917  9  76
472  502  0041  0.6181  0.6266  -136.120  -136.527  -0.41454  0.26517  8  75
472  507  0042  0.6502  0.6545  -135.473  -136.581  -0.43254  0.27717  8  75
472  529  0043  0.6359  0.6299  -141.396  -141.706  -0.37254  0.28317  8  75
472  575  0044  0.6544  0.6426  -144.342  -143.841  -0.36054  0.29517  8  75
472  524  0045  0.6539  0.6456  -142.810  -143.372  -0.36654  0.29517  8  75
472  515  0046  0.5691  0.5734  -146.576  -147.068  -0.29454  0.27117  9  76
472  591  0047  0.6242  0.6238  -142.498  -142.656  -0.36054  0.28317  8  75
472  590  0048  0.6469  0.6465  -145.695  -145.348  -0.34854  0.30117  8  75
472  478  0049  0.6285  0.6281  -148.946  -148.769  -0.30654  0.30117  9  76
515  545  0000  0.6552  0.6556  -148.696  -148.305  -0.32454  0.31317  8  76
515  584  0001  0.6031  0.6092  -144.975  -145.110  -0.33054  0.28317  8  76
515  502  0002  0.5981  0.6023  -135.304  -136.005  -0.40254  0.25317  8  76
515  575  0003  0.5817  0.5837  -140.301  -140.559  -0.35454  0.25917  8  77
515  547  0004  0.6194  0.6266  -136.144  -136.527  -0.41454  0.26517  8  76
515  619  0005  0.5457  0.5380  -135.395  -135.002  -0.36654  0.22317  8  76
515  528  0006  0.5908  0.5865  -136.531  -136.199  -0.39054  0.24717  8  77
515  528  0007  0.6433  0.6362  -141.041  -140.776  -0.38454  0.28317  8  76
515  558  0008  0.5828  0.5815  -145.499  -145.461  -0.31254  0.27117  8  76
515  552  0009  0.5678  0.5719  -144.584  -144.842  -0.31254  0.26517  9  76
515  553  0010  0.5838  0.5847  -138.038  -138.374  -0.37254  0.25317  8  77
515  545  0011  0.5969  0.5932  -148.184  -148.208  -0.29454  0.28317  8  76
515  542  0012  0.5618  0.5658  -148.702  -148.720  -0.27654  0.27117  9  76
515  548  0013  0.6220  0.6317  -136.908  -137.658  -0.40854  0.27117  8  76
515  529  0014  0.6043  0.6008  -149.571  -149.276  -0.28854  0.28917  9  76
515  570  0015  0.5753  0.5805  -140.479  -141.063  -0.34854  0.25917  8  77
515  620  0016  0.6127  0.6145  -142.054  -142.036  -0.36054  0.27717  8  76
515  560  0017  0.5638  0.5682  -141.085  -140.884  -0.34254  0.25317  8  77
515  587  0018  0.6409  0.6474  -136.807  -137.442  -0.42054  0.27717  8  75
515  553  0019  0.5883  0.5859  -147.593  -147.114  -0.30054  0.27717  9  76
515  529  0020  0.6349  0.6337  -139.658  -139.222  -0.39654  0.27717  8  76
515  610  0021  0.5423  0.5343  -136.075  -135.513  -0.36054  0.22317  8  76
515  580  0022  0.5299  0.5307  -136.936  -136.031  -0.35454  0.22317  8  76
515  553  0023  0.5688  0.5663  -145.687  -145.920  -0.30054  0.26517  9  76
515  564  0024  0.5878  0.5872  -144.742  -144.415  -0.32454  0.27117  8  76
515  560  0025  0.6013  0.6025  -139.270  -139.767  -0.37254  0.26517  8  77
515  541  0026  0.6368  0.6331  -140.815  -141.239  -0.37854  0.28317  8  76
515  550  0027  0.5790  0.5808  -148.464  -148.187  -0.28854  0.27717  9  76
515  497  0028  0.5955  0.5938  -134.895  -135.264  -0.40254  0.24717  8  76
515  534  0029  0.5467  0.5499  -143.749  -144.088  -0.30654  0.25317  9  76
515  564  0030  0.5786  0.5779  -139.037  -139.361  -0.36054  0.25317  8  77
515  578  0031  0.6294  0.6299  -141.199  -141.706  -0.37254  0.28317  8  76
515  574  0032  0.6347  0.6387  -136.420  -136.773  -0.42054  0.27117  8  75
515  591  0033  0.6503  0.6509  -136.722  -137.009  -0.42654  0.27717  8  75
515  590  0034  0.5406  0.5393  -137.580  -136.847  -0.35454  0.22917  9  76
515  542  0035  0.5387  0.5414  -145.345  -145.768  -0.28854  0.25317  9  76
515  554  0036  0.5817  0.5788  -146.483  -145.991  -0.30654  0.27117  8  76
515  555  0037  0.5902  0.5885  -146.887  -146.584  -0.30654  0.27717  9  76
515  599  0038  0.6128  0.6216  -145.031  -145.193  -0.33654  0.28917  8  76
515  535  0039  0.6069  0.6092  -138.305  -138.815  -0.38454  0.26517  8  76
515  538  0040  0.5437  0.5526  -140.952  -141.228  -0.33054  0.24717  9  76
515  545  0041  0.5422  0.5387  -146.378  -146.340  -0.28254  0.25317  9  76
515  552  0042  0.5489  0.5485  -147.070  -146.970  -0.28254  0.25917  9  76
515  543  0043  0.6399  0.6371  -139.290  -138.770  -0.40254  0.27717  8  76
515  538  0044  0.6191  0.6181  -139.173  -139.488  -0.38454  0.27117  8  76
515  512  0045  0.6517  0.6427  -140.655  -139.864  -0.39654  0.28317  8  75
515  526  0046  0.5351  0.5346  -144.166  -144.536  -0.29454  0.24717  9  76
515  624  0047  0.6203  0.6244  -144.889  -144.702  -0.34254  0.28917  8  76
515  566  0048  0.5490  0.5500  -139.712  -139.440  -0.34254  0.24117  9  76
515  544  0049  0.5935  0.5907  -148.662  -148.741  -0.28854  0.28317  9  76
558  572  0000  0.5460  0.5558  -142.572  -142.997  -0.31854  0.25317  9  77
558  657  0001  0.6164  0.6145  -141.669  -142.036  -0.36054  0.27717  8  76
558  562  0002  0.6097  0.6144  -136.194  -136.271  -0.40854  0.25917  8  76
558  572  0003  0.6041  0.6038  -137.587  -137.652  -0.39054  0.25917  8  77
558  616  0004  0.5663  0.5575  -135.121  -134.337  -0.38454  0.22917  8  77
558  612  0005  0.5684  0.5575  -135.049  -134.337  -0.38454  0.22917  8  77
558  666  0006  0.6076  0.6114  -142.487  -142.522  -0.35454  0.27717  8  77
558  605  0007  0.5921  0.5902  -139.329  -139.568  -0.36654  0.25917  8  77
558  578  0008  0.6176  0.6181  -139.063  -139.488  -0.38454  0.27117  8  77
558  612  0009  0.5722  0.5746  -139.704  -139.863  -0.35454  0.25317  8  77
558  627  0010  0.5870  0.5929  -140.908  -141.234  -0.35454  0.26517  8  77
558  546  0011  0.6046  0.6059  -135.186  -135.548  -0.40854  0.25317  8  76
558  599  0012  0.5653  0.5712  -142.209  -142.607  -0.33054  0.25917  8  77
558  581  0013  0.5853  0.5829  -136.472  -136.675  -0.38454  0.24717  8  77
558  578  0014  0.6134  0.6082  -147.958  -147.712  -0.30654  0.28917  8  77
558  581  0015  0.6245  0.6271  -139.941  -140.141  -0.38454  0.27717  8  77
558  583  0016  0.6190  0.6230  -136.460  -136.974  -0.40854  0.26517  8  76
558  595  0017  0.5643  0.5682  -142.990  -143.133  -0.32454  0.25917  9  77
558  572  0018  0.5472  0.5588  -142.073  -142.460  -0.32454  0.25317  9  77
558  660  0019  0.5370  0.5380  -135.495  -135.002  -0.36654  0.22317  8  76
558  583  0020  0.6331  0.6371  -138.971  -138.770  -0.40254  0.27717  8  76
558  656  0021  0.6551  0.6535  -146.441  -146.361  -0.34254  0.30717  8  76
558  552  0022  0.6545  0.6460  -140.545  -139.414  -0.40254  0.28317  8  76
558  641  0023  0.5936  0.5990  -142.192  -142.383  -0.34854  0.27117  8  77
558  552  0024  0.5340  0.5434  -142.599  -142.854  -0.31254  0.24717  9  76
558  614  0025  0.5699  0.5637  -137.847  -137.391  -0.36654  0.24117  8  77
558  665  0026  0.6155  0.6238  -142.090  -142.656  -0.36054  0.28317  8  77
558  642  0027  0.6263  0.6313  -146.052  -145.758  -0.33654  0.29517  8  76
558  608  0028  0.5424  0.5411  -138.762  -138.682  -0.34254  0.23517  8  77
558  586  0029  0.5920  0.5881  -138.172  -137.889  -0.37854  0.25317  8  77
558  584  0030  0.5875  0.5883  -148.992  -149.277  -0.28254  0.28317  9  77
558  602  0031  0.6515  0.6494  -139.424  -138.970  -0.40854  0.28317  8  75
558  587  0032  0.5883  0.5883  -149.258  -149.277  -0.28254  0.28317  8  77
558  608  0033  0.6367  0.6299  -141.396  -141.706  -0.37254  0.28317  8  76
558  667  0034  0.6099  0.6178  -143.104  -143.624  -0.34854  0.28317  8  77
558  675  0035  0.6353  0.6341  -145.452  -145.272  -0.34254  0.29517  8  76
558  590  0036  0.5998  0.5958  -147.891  -147.681  -0.30054  0.28317  8  77
558  588  0037  0.6157  0.6134  -147.251  -146.691  -0.31854  0.28917  8  77
558  599  0038  0.6392  0.6405  -138.776  -138.323  -0.40854  0.27717  8  76
558  556  0039  0.6039  0.6108  -136.337  -136.726  -0.40254  0.25917  8  77
558  610  0040  0.5920  0.5993  -139.640  -140.250  -0.36654  0.26517  8  77
558  595  0041  0.5795  0.5708  -136.692  -136.403  -0.37854  0.24117  8  77
558  575  0042  0.5462  0.5509  -148.888  -149.281  -0.26454  0.26517  9  77
558  584  0043  0.5352  0.5360  -147.152  -146.918  -0.27654  0.25317  9  76
558  682  0044  0.6337  0.6302  -143.592  -143.734  -0.35454  0.28917  8  76
558  649  0045  0.6433  0.6410  -146.743  -146.305  -0.33654  0.30117  8  76
558  603  0046  0.5719  0.5734  -147.152  -147.068  -0.29454  0.27117  9  77
558  593  0047  0.5682  0.5691  -144.969  -145.378  -0.30654  0.26517  9  77
558  579  0048  0.5596  0.5634  -148.861  -149.280  -0.27054  0.27117  9  77
558  602  0049  0.5654  0.5663  -145.884  -145.920  -0.30054  0.26517  9  77
601  617  0000  0.6227  0.6181  -139.379  -139.488  -0.38454  0.27117  8  77
601  642  0001  0.6525  0.6456  -148.153  -147.800  -0.32454  0.30717  8  76
601  640  0002  0.5932  0.5936  -139.182  -139.081  -0.37254  0.25917  8  78
601  629  0003  0.5422  0.5459  -147.151  -147.540  -0.27654  0.25917  9  77
601  669  0004  0.6367  0.6384  -147.046  -146.790  -0.33054  0.30117  8  77
601  720  0005  0.6320  0.6332  -143.172  -143.257  -0.36054  0.28917  8  76
601  653  0006  0.5773  0.5836  -142.205  -142.748  -0.33654  0.26517  8  77
601  711  0007  0.6182  0.6273  -144.170  -144.216  -0.34854  0.28917  8  77
601  612  0008  0.6066  0.6008  -149.385  -149.276  -0.28854  0.28917  8  77
601  709  0009  0.6555  0.6465  -145.547  -145.348  -0.34854  0.30117  8  76
601  621  0010  0.6235  0.6207  -147.973  -147.743  -0.31254  0.29517  8  77
601  692  0011  0.6198  0.6176  -141.522  -141.555  -0.36654  0.27717  8  77
601  619  0012  0.5330  0.5309  -148.103  -148.090  -0.26454  0.25317  9  77
601  710  0013  0.6178  0.6244  -144.480  -144.702  -0.34254  0.28917  8  77
601  608  0014  0.6311  0.6306  -148.755  -148.269  -0.31254  0.30117  8  77
601  642  0015  0.5700  0.5691  -145.438  -145.378  -0.30654  0.26517  8  77
601  607  0016  0.6094  0.6108  -136.598  -136.726  -0.40254  0.25917  8  77
601  636  0017  0.5754  0.5659  -135.444  -135.139  -0.38454  0.23517  8  77
601  600  0018  0.6176  0.6157  -149.213  -148.760  -0.30054  0.29517  8  77
601  656  0019  0.5908  0.5960  -139.987  -140.739  -0.36054  0.26517  8  78
601  621  0020  0.6245  0.6283  -138.323  -138.108  -0.40254  0.27117  8  77
601  701  0021  0.6531  0.6437  -146.336  -145.825  -0.34254  0.30117  8  76
601  605  0022  0.5354  0.5375  -144.036  -143.969  -0.30054  0.24717  9  77
601  717  0023  0.6511  0.6493  -145.102  -144.876  -0.35454  0.30117  8  76
601  619  0024  0.6206  0.6301  -135.070  -136.084  -0.42054  0.26517  8  76
601  688  0025  0.6156  0.6216  -145.153  -145.193  -0.33654  0.28917  8  77
601  609  0026  0.5385  0.5470  -143.868  -144.642  -0.30054  0.25317  9  77
601  635  0027  0.5620  0.5691  -145.200  -145.378  -0.30654  0.26517  9  77
601  663  0028  0.6115  0.6084  -140.546  -140.913  -0.36654  0.27117  8  77
601  654  0029  0.5789  0.5836  -142.850  -142.748  -0.33654  0.26517  8  77
601  657  0030  0.5872  0.5960  -140.356  -140.739  -0.36054  0.26517  8  78
601  658  0031  0.5561  0.5534  -139.361  -138.918  -0.34854  0.24117  8  78
601  705  0032  0.6099  0.6178  -143.596  -143.624  -0.34854  0.28317  8  77
601  652  0033  0.5818  0.5900  -143.492  -143.899  -0.33054  0.27117  8  77
601  653  0034  0.5736  0.5746  -140.050  -139.863  -0.35454  0.25317  8  78
601  632  0035  0.5592  0.5594  -144.861  -144.744  -0.30654  0.25917  9  77
601  602  0036  0.6439  0.6406  -149.385  -148.778  -0.31254  0.30717  8  77
601  618  0037  0.5454  0.5495  -141.349  -141.764  -0.32454  0.24717  9  77
601  676  0038  0.6459  0.6474  -137.609  -137.442  -0.42054  0.27717  8  76
601  627  0039  0.6486  0.6431  -148.600  -148.287  -0.31854  0.30717  8  77
601  640  0040  0.5476  0.5467  -140.145  -139.968  -0.33654  0.24117  9  77
601  614  0041  0.5448  0.5528  -143.084  -143.539  -0.31254  0.25317  9  77
601  713  0042  0.6192  0.6244  -144.431  -144.702  -0.34254  0.28917  8  77
601  633  0043  0.6227  0.6266  -136.055  -136.527  -0.41454  0.26517  8  76
601  661  0044  0.6402  0.6474  -136.569  -137.442  -0.42054  0.27717  8  76
601  630  0045  0.5982  0.5969  -138.570  -138.599  -0.37854  0.25917  8  78
601  650  0046  0.5747  0.5836  -142.593  -142.748  -0.33654  0.26517  8  77
601  650  0047  0.6355  0.6357  -147.548  -147.279  -0.32454  0.30117  8  77
601  696  0048  0.6231  0.6268  -141.727  -142.179  -0.36654  0.28317  8  77
601  622  0049  0.6155  0.6230  -136.504  -136.974  -0.40854  0.26517  8  77
