43    0000    0.5411    -142.623
43    0001    0.5819    -143.892
43    0002    0.5408    -136.600
43    0003    0.6304    -145.346
43    0004    0.5381    -149.792
43    0005    0.6483    -141.216
43    0006    0.5770    -147.161
43    0007    0.5927    -144.303
43    0008    0.6466    -143.474
43    0009    0.6122    -148.695
43    0010    0.6478    -135.891
43    0011    0.6400    -139.369
43    0012    0.6172    -140.283
43    0013    0.5806    -142.039
43    0014    0.6254    -135.232
43    0015    0.6001    -147.053
43    0016    0.5375    -147.931
43    0017    0.6316    -145.104
43    0018    0.6268    -143.633
43    0019    0.5816    -139.563
43    0020    0.5553    -141.085
43    0021    0.5631    -149.804
43    0022    0.6199    -137.832
43    0023    0.6029    -146.710
43    0024    0.5574    -137.793
43    0025    0.5570    -141.488
43    0026    0.6392    -148.845
43    0027    0.6334    -142.381
43    0028    0.6324    -146.141
43    0029    0.5950    -137.433
43    0030    0.6005    -134.931
43    0031    0.6097    -146.373
43    0032    0.6287    -144.031
43    0033    0.5729    -140.049
43    0034    0.5742    -144.412
43    0035    0.5928    -136.317
43    0036    0.5494    -141.646
43    0037    0.5335    -136.565
43    0038    0.5632    -144.573
43    0039    0.6462    -144.641
43    0040    0.5695    -144.411
43    0041    0.6136    -138.843
43    0042    0.6072    -142.704
43    0043    0.5558    -148.193
43    0044    0.6550    -137.229
43    0045    0.5378    -136.494
43    0046    0.5357    -146.025
43    0047    0.5481    -141.818
43    0048    0.5901    -143.155
43    0049    0.5353    -147.742
86    0000    0.5855    -146.378
86    0001    0.5311    -140.651
86    0002    0.6158    -135.162
86    0003    0.6101    -149.490
86    0004    0.5351    -141.483
86    0005    0.6461    -147.707
86    0006    0.6222    -143.914
86    0007    0.6403    -141.107
86    0008    0.5978    -137.390
86    0009    0.6218    -143.092
86    0010    0.6024    -145.726
86    0011    0.5801    -144.168
86    0012    0.5929    -146.688
86    0013    0.6449    -140.154
86    0014    0.5372    -144.185
86    0015    0.6272    -135.334
86    0016    0.5873    -138.906
86    0017    0.6129    -145.120
86    0018    0.5786    -140.151
86    0019    0.6360    -144.303
86    0020    0.5746    -135.941
86    0021    0.6180    -149.245
86    0022    0.6069    -149.407
86    0023    0.6083    -144.562
86    0024    0.5367    -145.128
86    0025    0.5723    -136.202
86    0026    0.5799    -141.275
86    0027    0.5494    -137.435
86    0028    0.6100    -149.530
86    0029    0.5510    -143.601
86    0030    0.6289    -144.183
86    0031    0.6136    -140.731
86    0032    0.5302    -143.861
86    0033    0.5575    -135.565
86    0034    0.6181    -142.448
86    0035    0.6478    -140.851
86    0036    0.6367    -135.832
86    0037    0.5444    -141.742
86    0038    0.6468    -143.796
86    0039    0.5725    -146.635
86    0040    0.5492    -135.280
86    0041    0.6254    -136.155
86    0042    0.6274    -140.706
86    0043    0.6318    -140.780
86    0044    0.6402    -142.064
86    0045    0.5734    -138.430
86    0046    0.5373    -143.050
86    0047    0.6381    -145.163
86    0048    0.5463    -140.547
86    0049    0.6053    -143.152
129    0000    0.6337    -141.851
129    0001    0.5317    -146.059
129    0002    0.6424    -138.891
129    0003    0.5702    -139.967
129    0004    0.5341    -148.661
129    0005    0.5398    -135.204
129    0006    0.6529    -141.770
129    0007    0.5584    -145.368
129    0008    0.5834    -138.353
129    0009    0.6439    -138.774
129    0010    0.5326    -149.439
129    0011    0.5522    -149.191
129    0012    0.5863    -137.007
129    0013    0.6402    -141.476
129    0014    0.5372    -144.184
129    0015    0.5581    -144.658
129    0016    0.6276    -140.773
129    0017    0.6135    -147.235
129    0018    0.6362    -141.546
129    0019    0.6402    -145.836
129    0020    0.6093    -147.159
129    0021    0.5625    -148.201
129    0022    0.6467    -142.080
129    0023    0.5389    -145.190
129    0024    0.6483    -141.788
129    0025    0.6455    -145.648
129    0026    0.6155    -147.926
129    0027    0.5485    -140.806
129    0028    0.6456    -144.088
129    0029    0.6051    -143.509
129    0030    0.6379    -137.866
129    0031    0.5621    -139.920
129    0032    0.6402    -137.255
129    0033    0.5731    -142.636
129    0034    0.5524    -147.828
129    0035    0.6549    -138.188
129    0036    0.6436    -139.378
129    0037    0.5723    -137.233
129    0038    0.5544    -142.652
129    0039    0.5796    -137.861
129    0040    0.5304    -135.184
129    0041    0.6160    -144.174
129    0042    0.6554    -147.423
129    0043    0.6396    -146.740
129    0044    0.6170    -138.240
129    0045    0.5995    -148.033
129    0046    0.6036    -146.353
129    0047    0.6526    -134.987
129    0048    0.6124    -143.905
129    0049    0.6254    -143.717
172    0000    0.6322    -142.144
172    0001    0.6098    -146.850
172    0002    0.6298    -135.266
172    0003    0.6422    -138.641
172    0004    0.6094    -149.170
172    0005    0.5895    -144.077
172    0006    0.5616    -143.133
172    0007    0.6291    -146.310
172    0008    0.6459    -137.621
172    0009    0.6363    -136.356
172    0010    0.6492    -140.602
172    0011    0.5447    -144.460
172    0012    0.6484    -146.334
172    0013    0.5911    -141.841
172    0014    0.6554    -135.566
172    0015    0.5477    -138.759
172    0016    0.6484    -139.400
172    0017    0.5443    -145.646
172    0018    0.5468    -146.358
172    0019    0.6498    -142.172
172    0020    0.5325    -141.900
172    0021    0.5749    -149.259
172    0022    0.6364    -148.530
172    0023    0.5403    -143.284
172    0024    0.5945    -138.932
172    0025    0.5863    -139.548
172    0026    0.5885    -139.923
172    0027    0.6517    -141.480
172    0028    0.6320    -147.417
172    0029    0.5981    -138.959
172    0030    0.5489    -137.807
172    0031    0.6032    -135.906
172    0032    0.6263    -147.357
172    0033    0.6077    -142.225
172    0034    0.6127    -147.903
172    0035    0.5731    -144.777
172    0036    0.5617    -144.680
172    0037    0.6068    -137.248
172    0038    0.5370    -136.040
172    0039    0.5731    -143.617
172    0040    0.6070    -140.902
172    0041    0.5363    -146.300
172    0042    0.5890    -145.327
172    0043    0.6545    -142.891
172    0044    0.5696    -149.674
172    0045    0.6533    -144.602
172    0046    0.6028    -149.260
172    0047    0.5820    -139.232
172    0048    0.5888    -141.981
172    0049    0.6443    -135.224
215    0000    0.5316    -137.343
215    0001    0.6520    -146.501
215    0002    0.5692    -141.886
215    0003    0.5430    -140.553
215    0004    0.6236    -147.598
215    0005    0.5303    -149.128
215    0006    0.6227    -147.834
215    0007    0.6074    -147.169
215    0008    0.5609    -149.194
215    0009    0.5422    -136.858
215    0010    0.6214    -144.945
215    0011    0.5633    -140.224
215    0012    0.6230    -149.142
215    0013    0.6396    -142.378
215    0014    0.5500    -149.629
215    0015    0.6192    -146.148
215    0016    0.6303    -141.637
215    0017    0.6380    -136.409
215    0018    0.5847    -137.524
215    0019    0.5617    -146.524
215    0020    0.6420    -138.007
215    0021    0.5422    -140.430
215    0022    0.6265    -144.934
215    0023    0.6110    -135.963
215    0024    0.6555    -140.206
215    0025    0.6405    -149.784
215    0026    0.6541    -135.960
215    0027    0.6117    -148.163
215    0028    0.5424    -143.200
215    0029    0.6017    -149.011
215    0030    0.5740    -149.825
215    0031    0.6467    -146.290
215    0032    0.5643    -143.125
215    0033    0.5309    -148.540
215    0034    0.5452    -136.593
215    0035    0.5663    -146.436
215    0036    0.5857    -145.587
215    0037    0.6314    -139.533
215    0038    0.5843    -144.254
215    0039    0.5939    -136.640
215    0040    0.6245    -136.715
215    0041    0.5591    -142.353
215    0042    0.5419    -136.876
215    0043    0.5494    -147.213
215    0044    0.6392    -136.049
215    0045    0.6556    -146.525
215    0046    0.6298    -141.181
215    0047    0.5997    -137.947
215    0048    0.5420    -143.510
215    0049    0.6062    -141.820
258    0000    0.6073    -135.725
258    0001    0.6194    -148.666
258    0002    0.5674    -142.430
258    0003    0.5953    -146.846
258    0004    0.5473    -146.459
258    0005    0.6133    -142.196
258    0006    0.5497    -140.724
258    0007    0.6024    -137.724
258    0008    0.5823    -135.301
258    0009    0.5311    -148.890
258    0010    0.5808    -146.880
258    0011    0.6136    -139.925
258    0012    0.6240    -145.809
258    0013    0.6140    -142.956
258    0014    0.5458    -147.512
258    0015    0.5456    -140.069
258    0016    0.6381    -142.961
258    0017    0.5927    -143.218
258    0018    0.5427    -139.625
258    0019    0.5709    -135.749
258    0020    0.5554    -142.127
258    0021    0.6249    -142.327
258    0022    0.5361    -136.765
258    0023    0.5874    -149.472
258    0024    0.5366    -134.984
258    0025    0.6242    -137.987
258    0026    0.6157    -143.354
258    0027    0.6501    -146.176
258    0028    0.6517    -140.710
258    0029    0.6504    -136.350
258    0030    0.5670    -146.636
258    0031    0.6183    -146.073
258    0032    0.5341    -137.889
258    0033    0.6426    -141.864
258    0034    0.5686    -138.899
258    0035    0.5543    -141.332
258    0036    0.6268    -143.997
258    0037    0.5757    -142.786
258    0038    0.5898    -137.205
258    0039    0.6046    -140.945
258    0040    0.5970    -139.805
258    0041    0.6011    -136.738
258    0042    0.5760    -141.313
258    0043    0.6427    -146.322
258    0044    0.5337    -135.395
258    0045    0.5992    -143.995
258    0046    0.6096    -148.897
258    0047    0.6467    -145.551
258    0048    0.5691    -146.043
258    0049    0.5813    -142.852
301    0000    0.5559    -145.370
301    0001    0.5594    -140.590
301    0002    0.5360    -139.443
301    0003    0.5584    -145.934
301    0004    0.6259    -148.494
301    0005    0.6288    -140.522
301    0006    0.5821    -138.581
301    0007    0.6056    -149.336
301    0008    0.6026    -147.014
301    0009    0.5778    -137.586
301    0010    0.5540    -145.263
301    0011    0.5999    -139.631
301    0012    0.5652    -141.455
301    0013    0.5654    -147.582
301    0014    0.6054    -136.396
301    0015    0.6218    -147.284
301    0016    0.5770    -144.475
301    0017    0.5418    -140.844
301    0018    0.5300    -138.950
301    0019    0.5599    -147.007
301    0020    0.6256    -140.938
301    0021    0.5721    -140.768
301    0022    0.6307    -141.680
301    0023    0.5984    -135.000
301    0024    0.6163    -136.327
301    0025    0.5709    -140.425
301    0026    0.5624    -140.268
301    0027    0.6423    -140.849
301    0028    0.5590    -146.676
301    0029    0.5773    -137.713
301    0030    0.5863    -139.074
301    0031    0.5587    -149.349
301    0032    0.5892    -147.407
301    0033    0.5590    -144.045
301    0034    0.5777    -145.342
301    0035    0.6522    -137.511
301    0036    0.6299    -143.840
301    0037    0.5801    -138.322
301    0038    0.5448    -137.868
301    0039    0.5322    -135.283
301    0040    0.6435    -149.764
301    0041    0.5444    -148.333
301    0042    0.6060    -142.016
301    0043    0.6451    -145.497
301    0044    0.5362    -137.523
301    0045    0.5704    -146.839
301    0046    0.6379    -143.143
301    0047    0.5649    -145.050
301    0048    0.5732    -145.358
301    0049    0.5955    -136.788
344    0000    0.6493    -145.739
344    0001    0.6098    -148.423
344    0002    0.5307    -146.766
344    0003    0.6428    -137.630
344    0004    0.5846    -140.655
344    0005    0.6504    -147.411
344    0006    0.5830    -142.281
344    0007    0.5711    -141.767
344    0008    0.5818    -141.153
344    0009    0.5976    -145.426
344    0010    0.5714    -148.931
344    0011    0.5837    -143.111
344    0012    0.6103    -135.787
344    0013    0.6213    -136.289
344    0014    0.5570    -147.032
344    0015    0.6412    -141.929
344    0016    0.5851    -145.398
344    0017    0.5404    -139.405
344    0018    0.5938    -144.933
344    0019    0.5508    -136.939
344    0020    0.5524    -139.267
344    0021    0.5510    -141.699
344    0022    0.6467    -135.364
344    0023    0.6451    -146.133
344    0024    0.6331    -143.768
344    0025    0.6217    -149.077
344    0026    0.6136    -144.162
344    0027    0.5513    -138.252
344    0028    0.5550    -147.311
344    0029    0.5757    -139.133
344    0030    0.6438    -139.309
344    0031    0.6448    -135.903
344    0032    0.5897    -147.477
344    0033    0.6295    -139.934
344    0034    0.6460    -144.445
344    0035    0.6412    -142.416
344    0036    0.6401    -140.916
344    0037    0.5589    -139.762
344    0038    0.5594    -139.280
344    0039    0.5496    -144.809
344    0040    0.5871    -142.727
344    0041    0.5818    -137.952
344    0042    0.5324    -147.994
344    0043    0.5343    -149.144
344    0044    0.6004    -135.196
344    0045    0.5306    -146.457
344    0046    0.5420    -144.931
344    0047    0.5831    -139.913
344    0048    0.5308    -137.674
344    0049    0.6285    -147.458
387    0000    0.5477    -136.850
387    0001    0.6026    -145.301
387    0002    0.6344    -148.084
387    0003    0.5441    -141.816
387    0004    0.5801    -142.059
387    0005    0.6017    -144.577
387    0006    0.6394    -146.307
387    0007    0.6262    -136.164
387    0008    0.6267    -148.630
387    0009    0.5382    -135.738
387    0010    0.5311    -145.444
387    0011    0.5617    -135.833
387    0012    0.5315    -147.578
387    0013    0.6177    -135.512
387    0014    0.5751    -135.028
387    0015    0.5978    -145.270
387    0016    0.5718    -138.705
387    0017    0.6428    -137.820
387    0018    0.6197    -147.125
387    0019    0.5824    -138.082
387    0020    0.5619    -139.656
387    0021    0.6375    -140.312
387    0022    0.5312    -137.838
387    0023    0.6230    -148.458
387    0024    0.5563    -148.014
387    0025    0.6353    -136.610
387    0026    0.5548    -142.720
387    0027    0.5807    -142.079
387    0028    0.6260    -149.223
387    0029    0.5889    -149.342
387    0030    0.5999    -148.246
387    0031    0.6555    -137.887
387    0032    0.5847    -143.771
387    0033    0.5522    -142.243
387    0034    0.6248    -144.154
387    0035    0.5921    -143.207
387    0036    0.5395    -146.947
387    0037    0.5683    -148.019
387    0038    0.6094    -136.745
387    0039    0.5763    -146.850
387    0040    0.5424    -147.116
387    0041    0.6153    -143.933
387    0042    0.5388    -141.730
387    0043    0.6275    -144.810
387    0044    0.5459    -146.108
387    0045    0.6101    -149.601
387    0046    0.5298    -143.693
387    0047    0.6200    -141.902
387    0048    0.6193    -142.084
387    0049    0.5841    -142.163
429    0000    0.5302    -137.061
429    0001    0.5505    -140.547
429    0002    0.6438    -137.803
429    0003    0.5605    -137.044
429    0004    0.5649    -143.951
429    0005    0.6238    -138.067
429    0006    0.5614    -148.794
429    0007    0.6163    -143.936
429    0008    0.6227    -146.654
429    0009    0.5350    -135.155
429    0010    0.6343    -144.168
429    0011    0.5474    -141.828
429    0012    0.5566    -141.611
429    0013    0.6245    -148.389
429    0014    0.5449    -146.191
429    0015    0.6159    -148.106
429    0016    0.6436    -147.845
429    0017    0.6307    -142.598
429    0018    0.5754    -136.869
429    0019    0.6041    -143.859
429    0020    0.6447    -137.610
429    0021    0.6077    -136.560
429    0022    0.6475    -141.233
429    0023    0.6184    -148.217
429    0024    0.5388    -148.868
429    0025    0.5354    -147.680
429    0026    0.6322    -145.004
429    0027    0.6106    -144.613
429    0028    0.5882    -141.406
429    0029    0.5419    -145.673
429    0030    0.6421    -146.722
429    0031    0.5952    -149.697
429    0032    0.6480    -136.159
429    0033    0.5735    -136.154
429    0034    0.5906    -145.546
429    0035    0.6511    -147.742
429    0036    0.5714    -142.642
429    0037    0.5637    -149.544
429    0038    0.6354    -144.923
429    0039    0.5393    -136.079
429    0040    0.5481    -144.141
429    0041    0.5531    -143.592
429    0042    0.5752    -137.359
429    0043    0.5465    -145.287
429    0044    0.6279    -148.228
429    0045    0.5373    -144.024
429    0046    0.5769    -136.484
429    0047    0.6022    -135.353
429    0048    0.6282    -137.718
429    0049    0.5856    -147.890
472    0000    0.6417    -136.605
472    0001    0.5733    -138.865
472    0002    0.5776    -137.534
472    0003    0.5902    -139.510
472    0004    0.5819    -144.366
472    0005    0.6479    -143.869
472    0006    0.6410    -141.395
472    0007    0.6269    -141.403
472    0008    0.5877    -137.020
472    0009    0.5829    -136.093
472    0010    0.5656    -149.793
472    0011    0.6515    -146.140
472    0012    0.6004    -136.585
472    0013    0.6422    -140.645
472    0014    0.5959    -137.566
472    0015    0.6309    -145.458
472    0016    0.6404    -137.318
472    0017    0.5570    -141.113
472    0018    0.5787    -144.219
472    0019    0.5613    -146.595
472    0020    0.6216    -136.595
472    0021    0.5370    -145.491
472    0022    0.5808    -144.122
472    0023    0.6501    -148.388
472    0024    0.5798    -137.308
472    0025    0.6329    -138.922
472    0026    0.6296    -144.710
472    0027    0.6110    -134.921
472    0028    0.5338    -135.485
472    0029    0.5454    -142.182
472    0030    0.5780    -140.320
472    0031    0.5531    -145.400
472    0032    0.6323    -146.562
472    0033    0.6437    -140.424
472    0034    0.6177    -138.444
472    0035    0.6146    -144.680
472    0036    0.5951    -139.538
472    0037    0.5298    -135.894
472    0038    0.5884    -135.790
472    0039    0.5602    -135.803
472    0040    0.5389    -148.191
472    0041    0.6181    -136.120
472    0042    0.6502    -135.473
472    0043    0.6359    -141.396
472    0044    0.6544    -144.342
472    0045    0.6539    -142.810
472    0046    0.5691    -146.576
472    0047    0.6242    -142.498
472    0048    0.6469    -145.695
472    0049    0.6285    -148.946
515    0000    0.6552    -148.696
515    0001    0.6031    -144.975
515    0002    0.5981    -135.304
515    0003    0.5817    -140.301
515    0004    0.6194    -136.144
515    0005    0.5457    -135.395
515    0006    0.5908    -136.531
515    0007    0.6433    -141.041
515    0008    0.5828    -145.499
515    0009    0.5678    -144.584
515    0010    0.5838    -138.038
515    0011    0.5969    -148.184
515    0012    0.5618    -148.702
515    0013    0.6220    -136.908
515    0014    0.6043    -149.571
515    0015    0.5753    -140.479
515    0016    0.6127    -142.054
515    0017    0.5638    -141.085
515    0018    0.6409    -136.807
515    0019    0.5883    -147.593
515    0020    0.6349    -139.658
515    0021    0.5423    -136.075
515    0022    0.5299    -136.936
515    0023    0.5688    -145.687
515    0024    0.5878    -144.742
515    0025    0.6013    -139.270
515    0026    0.6368    -140.815
515    0027    0.5790    -148.464
515    0028    0.5955    -134.895
515    0029    0.5467    -143.749
515    0030    0.5786    -139.037
515    0031    0.6294    -141.199
515    0032    0.6347    -136.420
515    0033    0.6503    -136.722
515    0034    0.5406    -137.580
515    0035    0.5387    -145.345
515    0036    0.5817    -146.483
515    0037    0.5902    -146.887
515    0038    0.6128    -145.031
515    0039    0.6069    -138.305
515    0040    0.5437    -140.952
515    0041    0.5422    -146.378
515    0042    0.5489    -147.070
515    0043    0.6399    -139.290
515    0044    0.6191    -139.173
515    0045    0.6517    -140.655
515    0046    0.5351    -144.166
515    0047    0.6203    -144.889
515    0048    0.5490    -139.712
515    0049    0.5935    -148.662
558    0000    0.5460    -142.572
558    0001    0.6164    -141.669
558    0002    0.6097    -136.194
558    0003    0.6041    -137.587
558    0004    0.5663    -135.121
558    0005    0.5684    -135.049
558    0006    0.6076    -142.487
558    0007    0.5921    -139.329
558    0008    0.6176    -139.063
558    0009    0.5722    -139.704
558    0010    0.5870    -140.908
558    0011    0.6046    -135.186
558    0012    0.5653    -142.209
558    0013    0.5853    -136.472
558    0014    0.6134    -147.958
558    0015    0.6245    -139.941
558    0016    0.6190    -136.460
558    0017    0.5643    -142.990
558    0018    0.5472    -142.073
558    0019    0.5370    -135.495
558    0020    0.6331    -138.971
558    0021    0.6551    -146.441
558    0022    0.6545    -140.545
558    0023    0.5936    -142.192
558    0024    0.5340    -142.599
558    0025    0.5699    -137.847
558    0026    0.6155    -142.090
558    0027    0.6263    -146.052
558    0028    0.5424    -138.762
558    0029    0.5920    -138.172
558    0030    0.5875    -148.992
558    0031    0.6515    -139.424
558    0032    0.5883    -149.258
558    0033    0.6367    -141.396
558    0034    0.6099    -143.104
558    0035    0.6353    -145.452
558    0036    0.5998    -147.891
558    0037    0.6157    -147.251
558    0038    0.6392    -138.776
558    0039    0.6039    -136.337
558    0040    0.5920    -139.640
558    0041    0.5795    -136.692
558    0042    0.5462    -148.888
558    0043    0.5352    -147.152
558    0044    0.6337    -143.592
558    0045    0.6433    -146.743
558    0046    0.5719    -147.152
558    0047    0.5682    -144.969
558    0048    0.5596    -148.861
558    0049    0.5654    -145.884
601    0000    0.6227    -139.379
601    0001    0.6525    -148.153
601    0002    0.5932    -139.182
601    0003    0.5422    -147.151
601    0004    0.6367    -147.046
601    0005    0.6320    -143.172
601    0006    0.5773    -142.205
601    0007    0.6182    -144.170
601    0008    0.6066    -149.385
601    0009    0.6555    -145.547
601    0010    0.6235    -147.973
601    0011    0.6198    -141.522
601    0012    0.5330    -148.103
601    0013    0.6178    -144.480
601    0014    0.6311    -148.755
601    0015    0.5700    -145.438
601    0016    0.6094    -136.598
601    0017    0.5754    -135.444
601    0018    0.6176    -149.213
601    0019    0.5908    -139.987
601    0020    0.6245    -138.323
601    0021    0.6531    -146.336
601    0022    0.5354    -144.036
601    0023    0.6511    -145.102
601    0024    0.6206    -135.070
601    0025    0.6156    -145.153
601    0026    0.5385    -143.868
601    0027    0.5620    -145.200
601    0028    0.6115    -140.546
601    0029    0.5789    -142.850
601    0030    0.5872    -140.356
601    0031    0.5561    -139.361
601    0032    0.6099    -143.596
601    0033    0.5818    -143.492
601    0034    0.5736    -140.050
601    0035    0.5592    -144.861
601    0036    0.6439    -149.385
601    0037    0.5454    -141.349
601    0038    0.6459    -137.609
601    0039    0.6486    -148.600
601    0040    0.5476    -140.145
601    0041    0.5448    -143.084
601    0042    0.6192    -144.431
601    0043    0.6227    -136.055
601    0044    0.6402    -136.569
601    0045    0.5982    -138.570
601    0046    0.5747    -142.593
601    0047    0.6355    -147.548
601    0048    0.6231    -141.727
601    0049    0.6155    -136.504
