36    0000    1.9336    39.033
36    0001    2.0601    33.755
36    0002    2.0179    38.009
36    0003    2.0638    35.032
36    0004    1.9158    40.228
36    0005    1.9863    38.153
36    0006    1.9837    45.427
36    0007    1.9104    34.431
36    0008    1.9494    42.940
36    0009    2.0034    38.329
36    0010    2.0567    39.271
36    0011    1.9870    35.151
36    0012    2.0342    37.997
36    0013    1.9988    45.314
36    0014    2.0497    34.509
36    0015    2.0657    47.229
36    0016    2.0685    43.664
36    0017    2.0171    39.150
36    0018    2.0449    47.137
36    0019    1.9757    45.310
36    0020    1.9631    47.289
36    0021    1.9648    45.702
36    0022    1.9024    44.038
36    0023    2.0677    40.496
36    0024    2.0536    33.728
36    0025    2.0105    37.233
36    0026    2.0289    33.978
36    0027    1.9230    41.483
36    0028    2.0728    33.223
36    0029    1.9318    34.370
36    0030    1.9688    34.273
36    0031    2.0516    33.324
36    0032    2.0257    39.877
36    0033    1.9211    42.124
36    0034    1.9804    42.688
36    0035    2.0052    33.760
36    0036    1.9225    36.665
36    0037    2.0609    39.073
36    0038    2.0379    43.844
36    0039    1.9891    46.397
36    0040    1.9586    43.983
36    0041    2.0149    39.343
36    0042    1.9593    36.440
36    0043    1.9446    47.495
36    0044    2.0136    43.880
36    0045    1.9053    47.373
36    0046    2.0395    34.828
36    0047    1.9007    44.486
36    0048    2.0654    34.333
36    0049    1.9983    34.144
72    0000    1.9593    39.843
72    0001    1.9576    42.739
72    0002    2.0134    35.289
72    0003    1.9055    44.436
72    0004    1.9334    47.218
72    0005    2.0184    34.803
72    0006    2.0338    41.371
72    0007    1.9639    38.395
72    0008    2.0479    42.083
72    0009    1.9082    32.621
72    0010    2.0536    35.593
72    0011    1.9507    40.701
72    0012    2.0072    41.501
72    0013    2.0396    34.225
72    0014    1.9208    40.282
72    0015    2.0278    34.374
72    0016    2.0024    41.718
72    0017    2.0328    45.348
72    0018    2.0411    33.027
72    0019    1.9410    40.043
72    0020    1.9447    45.914
72    0021    1.9202    47.512
72    0022    2.0085    34.844
72    0023    1.9291    34.044
72    0024    2.0557    39.948
72    0025    2.0498    38.309
72    0026    2.0541    38.504
72    0027    1.9637    35.069
72    0028    1.9712    45.120
72    0029    2.0245    43.019
72    0030    2.0291    33.145
72    0031    1.8990    44.703
72    0032    1.9100    36.468
72    0033    1.9817    35.983
72    0034    1.9079    38.729
72    0035    2.0240    34.583
72    0036    1.9349    44.764
72    0037    2.0241    34.239
72    0038    1.9298    43.511
72    0039    2.0174    45.993
72    0040    1.9100    33.049
72    0041    1.9288    42.973
72    0042    1.9708    34.329
72    0043    2.0358    35.370
72    0044    1.9025    35.259
72    0045    1.9790    42.485
72    0046    1.9343    42.786
72    0047    2.0464    41.107
72    0048    2.0092    47.160
72    0049    2.0170    46.125
108    0000    1.9321    39.045
108    0001    2.0724    34.976
108    0002    1.9028    38.105
108    0003    2.0731    36.078
108    0004    1.9680    46.021
108    0005    1.9308    38.954
108    0006    1.9809    37.590
108    0007    1.9610    41.113
108    0008    2.0256    37.607
108    0009    2.0470    36.365
108    0010    1.9033    43.626
108    0011    1.9173    36.347
108    0012    1.9472    36.294
108    0013    2.0004    45.393
108    0014    2.0381    46.537
108    0015    2.0471    33.843
108    0016    2.0463    40.106
108    0017    1.9139    41.752
108    0018    1.9597    45.153
108    0019    2.0179    43.930
108    0020    1.9396    42.947
108    0021    1.9561    41.081
108    0022    1.9841    33.176
108    0023    1.9935    36.738
108    0024    1.9296    37.608
108    0025    2.0375    35.953
108    0026    1.9415    33.170
108    0027    2.0085    39.137
108    0028    1.9777    43.766
108    0029    2.0480    41.179
108    0030    2.0483    33.124
108    0031    2.0680    44.777
108    0032    1.9162    43.744
108    0033    2.0553    39.855
108    0034    1.9097    47.346
108    0035    1.9979    34.840
108    0036    1.9541    32.769
108    0037    1.9236    33.571
108    0038    1.9466    37.757
108    0039    1.9660    42.429
108    0040    1.9734    32.983
108    0041    2.0600    43.969
108    0042    1.9409    44.000
108    0043    1.9752    34.384
108    0044    1.9178    44.010
108    0045    2.0472    43.761
108    0046    2.0679    37.852
108    0047    2.0569    33.059
108    0048    1.9604    47.500
108    0049    1.9518    36.821
143    0000    1.9009    38.871
143    0001    2.0523    33.665
143    0002    2.0646    38.280
143    0003    1.9521    33.731
143    0004    1.9423    42.441
143    0005    1.9143    44.897
143    0006    2.0052    47.379
143    0007    2.0425    44.730
143    0008    2.0209    43.967
143    0009    1.9910    39.623
143    0010    2.0132    41.261
143    0011    1.9885    46.549
143    0012    2.0173    45.473
143    0013    2.0185    35.609
143    0014    1.9419    38.333
143    0015    2.0374    39.223
143    0016    1.9092    45.574
143    0017    2.0329    44.910
143    0018    1.9768    36.143
143    0019    1.9348    41.092
143    0020    1.9940    33.027
143    0021    1.9364    45.092
143    0022    2.0386    39.482
143    0023    2.0077    46.091
143    0024    2.0298    41.704
143    0025    1.9194    45.200
143    0026    2.0594    32.826
143    0027    1.9739    36.494
143    0028    1.9020    40.299
143    0029    1.9288    39.018
143    0030    2.0615    34.806
143    0031    1.9206    34.681
143    0032    2.0070    43.676
143    0033    1.9867    35.419
143    0034    2.0500    42.915
143    0035    2.0241    40.046
143    0036    1.9294    34.421
143    0037    2.0409    45.377
143    0038    1.9759    33.836
143    0039    1.8995    46.247
143    0040    1.9776    33.609
143    0041    2.0632    40.114
143    0042    2.0183    47.419
143    0043    2.0012    37.713
143    0044    2.0583    38.817
143    0045    1.9143    32.774
143    0046    1.9735    39.773
143    0047    2.0284    41.345
143    0048    2.0609    40.808
143    0049    1.9995    34.303
179    0000    1.9889    46.842
179    0001    1.9394    37.400
179    0002    1.9815    42.742
179    0003    2.0311    39.175
179    0004    1.9669    35.086
179    0005    1.9268    35.129
179    0006    2.0742    39.517
179    0007    2.0003    43.990
179    0008    1.9937    42.748
179    0009    1.9384    40.568
179    0010    1.9973    35.006
179    0011    1.9406    39.811
179    0012    1.9071    42.390
179    0013    1.9943    44.698
179    0014    1.9236    35.099
179    0015    2.0239    39.459
179    0016    2.0137    35.845
179    0017    1.9183    33.503
179    0018    1.9357    46.572
179    0019    1.9840    32.659
179    0020    1.9349    36.300
179    0021    1.9902    47.284
179    0022    2.0651    33.629
179    0023    2.0702    38.702
179    0024    1.9505    44.302
179    0025    2.0631    46.250
179    0026    2.0377    36.717
179    0027    2.0387    41.894
179    0028    2.0664    42.817
179    0029    2.0757    45.512
179    0030    1.9322    47.283
179    0031    1.9578    35.541
179    0032    1.9214    34.792
179    0033    2.0302    46.401
179    0034    1.9164    46.690
179    0035    1.9553    41.941
179    0036    1.9831    44.460
179    0037    1.9113    46.521
179    0038    2.0763    35.463
179    0039    2.0506    36.255
179    0040    1.9564    44.056
179    0041    2.0324    39.842
179    0042    1.9037    36.583
179    0043    2.0343    42.795
179    0044    1.9015    32.942
179    0045    1.9170    45.412
179    0046    2.0479    44.390
179    0047    1.9985    36.569
179    0048    1.9485    43.748
179    0049    2.0236    36.082
215    0000    1.9165    44.075
215    0001    1.9124    37.956
215    0002    1.9951    37.427
215    0003    1.9790    43.158
215    0004    1.9480    34.456
215    0005    1.9628    37.713
215    0006    1.9034    39.450
215    0007    2.0063    43.067
215    0008    2.0119    37.784
215    0009    1.9410    39.750
215    0010    1.9233    39.661
215    0011    1.9481    42.046
215    0012    1.9564    34.131
215    0013    1.9796    36.794
215    0014    1.9184    33.509
215    0015    1.9458    42.369
215    0016    2.0184    40.466
215    0017    1.9332    46.744
215    0018    2.0162    40.306
215    0019    1.9106    32.678
215    0020    1.9640    42.925
215    0021    1.9262    43.537
215    0022    2.0271    37.532
215    0023    2.0081    33.832
215    0024    2.0288    37.984
215    0025    1.9012    43.518
215    0026    2.0224    43.916
215    0027    1.9785    42.557
215    0028    2.0628    42.681
215    0029    1.9482    33.036
215    0030    1.9800    38.483
215    0031    2.0203    35.814
215    0032    1.9576    40.323
215    0033    2.0206    39.377
215    0034    2.0066    33.287
215    0035    2.0020    37.278
215    0036    1.9585    37.033
215    0037    1.9901    34.834
215    0038    1.9791    41.648
215    0039    1.9489    34.726
215    0040    2.0210    44.648
215    0041    1.9133    34.738
215    0042    2.0114    36.685
215    0043    2.0314    46.969
215    0044    1.9040    42.924
215    0045    1.9567    33.705
215    0046    2.0138    46.415
215    0047    2.0446    36.656
215    0048    2.0621    45.614
215    0049    1.9494    44.350
251    0000    1.9868    44.134
251    0001    1.9182    42.649
251    0002    2.0726    39.137
251    0003    1.9152    46.443
251    0004    1.9537    35.302
251    0005    1.9144    37.294
251    0006    1.9582    46.738
251    0007    1.9460    33.371
251    0008    1.9426    36.543
251    0009    2.0323    45.518
251    0010    1.9701    37.009
251    0011    2.0641    43.160
251    0012    2.0135    40.237
251    0013    1.9789    42.412
251    0014    1.9057    41.266
251    0015    1.9728    38.944
251    0016    1.9516    38.728
251    0017    2.0171    46.800
251    0018    1.9133    37.849
251    0019    2.0539    33.178
251    0020    1.9997    42.545
251    0021    2.0174    32.816
251    0022    1.9041    45.288
251    0023    2.0251    37.039
251    0024    2.0587    32.961
251    0025    2.0679    34.744
251    0026    2.0731    34.507
251    0027    1.9123    40.119
251    0028    1.9873    47.223
251    0029    2.0414    38.176
251    0030    1.9181    37.782
251    0031    2.0086    33.509
251    0032    2.0605    45.984
251    0033    1.9138    45.027
251    0034    1.9619    44.563
251    0035    1.8978    45.483
251    0036    2.0360    43.962
251    0037    1.9917    38.610
251    0038    2.0563    40.642
251    0039    1.9545    39.440
251    0040    2.0090    41.678
251    0041    1.9970    41.732
251    0042    2.0419    42.648
251    0043    1.9144    38.660
251    0044    1.9805    47.096
251    0045    2.0456    44.085
251    0046    1.9397    39.297
251    0047    1.9343    43.794
251    0048    2.0004    46.862
251    0049    2.0253    39.867
287    0000    2.0635    34.290
287    0001    2.0411    32.951
287    0002    1.9507    43.431
287    0003    2.0433    46.767
287    0004    2.0122    33.268
287    0005    2.0708    37.208
287    0006    2.0102    43.446
287    0007    1.9112    46.706
287    0008    2.0710    41.155
287    0009    2.0019    35.078
287    0010    1.9746    39.742
287    0011    1.9897    47.248
287    0012    1.9502    41.040
287    0013    2.0609    35.435
287    0014    2.0227    40.883
287    0015    1.9747    33.831
287    0016    1.9857    42.899
287    0017    2.0060    34.641
287    0018    1.9117    45.162
287    0019    2.0638    38.641
287    0020    2.0134    34.896
287    0021    2.0322    42.975
287    0022    1.9083    38.579
287    0023    2.0692    34.181
287    0024    1.9914    43.626
287    0025    1.9732    39.224
287    0026    2.0171    39.093
287    0027    2.0334    38.868
287    0028    1.9486    32.989
287    0029    1.9106    43.453
287    0030    1.9882    38.910
287    0031    1.9478    36.304
287    0032    1.9541    40.082
287    0033    2.0144    45.824
287    0034    1.9149    41.856
287    0035    1.9682    44.912
287    0036    1.9841    45.145
287    0037    1.9075    41.874
287    0038    1.9089    44.974
287    0039    2.0664    38.465
287    0040    2.0431    42.898
287    0041    1.9186    34.798
287    0042    1.9022    46.518
287    0043    2.0164    35.767
287    0044    2.0101    41.401
287    0045    2.0307    35.667
287    0046    1.9300    38.207
287    0047    1.9552    45.068
287    0048    1.9138    45.650
287    0049    1.9569    34.931
323    0000    2.0271    38.924
323    0001    1.9963    38.120
323    0002    1.9252    36.613
323    0003    2.0041    42.563
323    0004    1.9174    39.571
323    0005    1.9061    36.088
323    0006    1.9939    38.168
323    0007    1.9724    35.291
323    0008    1.9840    44.904
323    0009    1.9496    36.648
323    0010    2.0352    35.197
323    0011    1.9401    36.066
323    0012    2.0349    42.078
323    0013    1.9053    38.692
323    0014    1.9370    40.851
323    0015    2.0698    42.109
323    0016    1.9451    32.910
323    0017    1.9823    42.524
323    0018    1.9684    41.276
323    0019    1.9712    34.508
323    0020    1.9822    36.559
323    0021    2.0479    38.971
323    0022    1.9625    36.287
323    0023    1.9550    38.648
323    0024    2.0214    45.710
323    0025    1.9644    46.297
323    0026    1.9919    34.932
323    0027    1.9803    37.182
323    0028    2.0325    43.458
323    0029    2.0402    43.073
323    0030    2.0048    34.307
323    0031    1.9250    44.057
323    0032    2.0760    40.179
323    0033    1.9710    45.520
323    0034    1.9562    46.865
323    0035    1.9583    32.790
323    0036    2.0117    45.386
323    0037    2.0534    36.586
323    0038    1.9102    44.553
323    0039    2.0335    45.957
323    0040    2.0610    34.335
323    0041    1.9649    42.335
323    0042    1.9982    34.924
323    0043    2.0323    43.368
323    0044    1.9346    39.054
323    0045    2.0030    36.173
323    0046    2.0666    38.075
323    0047    2.0282    40.788
323    0048    1.9559    44.929
323    0049    1.9919    44.220
359    0000    1.9168    33.348
359    0001    1.9957    34.414
359    0002    2.0551    34.089
359    0003    1.9985    34.439
359    0004    1.9681    44.211
359    0005    2.0491    33.307
359    0006    1.9423    41.218
359    0007    1.9004    41.722
359    0008    2.0469    40.560
359    0009    2.0268    46.004
359    0010    2.0638    47.283
359    0011    2.0685    40.794
359    0012    2.0576    46.516
359    0013    1.9321    41.315
359    0014    2.0729    35.108
359    0015    1.9229    43.310
359    0016    1.9299    35.481
359    0017    2.0613    42.596
359    0018    2.0445    40.625
359    0019    2.0739    43.449
359    0020    1.9541    44.540
359    0021    1.9635    41.152
359    0022    1.9252    33.145
359    0023    1.9002    42.725
359    0024    2.0574    38.954
359    0025    1.9776    45.771
359    0026    1.9744    32.767
359    0027    1.9718    37.203
359    0028    2.0116    45.907
359    0029    1.8994    39.773
359    0030    1.9929    42.374
359    0031    1.9409    46.437
359    0032    1.9424    38.969
359    0033    2.0049    46.694
359    0034    1.9104    34.120
359    0035    1.9100    43.112
359    0036    1.9552    38.745
359    0037    1.9989    33.766
359    0038    1.9022    33.064
359    0039    1.9937    45.134
359    0040    2.0481    35.518
359    0041    2.0560    34.285
359    0042    2.0312    34.099
359    0043    1.9473    40.631
359    0044    2.0478    34.345
359    0045    2.0735    35.703
359    0046    1.9694    33.922
359    0047    1.9444    33.574
359    0048    2.0691    40.848
359    0049    1.9459    32.828
394    0000    1.9947    46.191
394    0001    2.0050    36.303
394    0002    1.9429    45.523
394    0003    2.0265    40.835
394    0004    1.9784    37.189
394    0005    1.9826    46.576
394    0006    1.9295    36.639
394    0007    1.9799    34.072
394    0008    2.0195    33.218
394    0009    1.9786    40.245
394    0010    1.9526    36.330
394    0011    2.0644    39.800
394    0012    1.9548    47.478
394    0013    2.0336    44.290
394    0014    1.9208    36.476
394    0015    1.9173    35.636
394    0016    2.0717    46.840
394    0017    1.9105    32.627
394    0018    1.9510    33.503
394    0019    2.0395    40.926
394    0020    1.9073    36.376
394    0021    1.9514    32.662
394    0022    2.0105    35.109
394    0023    1.9821    43.521
394    0024    1.9335    44.050
394    0025    1.9777    36.067
394    0026    2.0637    33.663
394    0027    1.9036    38.680
394    0028    2.0336    36.668
394    0029    1.9542    42.727
394    0030    1.9709    45.971
394    0031    1.9067    46.066
394    0032    2.0513    40.369
394    0033    1.9090    33.866
394    0034    2.0576    46.161
394    0035    2.0308    38.571
394    0036    1.9137    34.372
394    0037    1.9296    47.154
394    0038    1.9156    45.045
394    0039    2.0649    36.480
394    0040    1.9993    39.620
394    0041    1.9826    36.566
394    0042    2.0771    37.250
394    0043    2.0080    39.375
394    0044    1.9896    45.953
394    0045    2.0669    46.098
394    0046    2.0136    46.700
394    0047    1.9404    46.290
394    0048    1.9095    46.631
394    0049    2.0362    45.696
430    0000    1.8975    45.091
430    0001    1.9751    44.461
430    0002    1.9830    36.386
430    0003    1.9126    46.005
430    0004    2.0744    47.091
430    0005    2.0088    37.435
430    0006    1.9835    36.036
430    0007    1.9781    42.256
430    0008    2.0227    45.818
430    0009    2.0241    47.128
430    0010    1.9523    33.351
430    0011    1.9224    36.919
430    0012    1.9873    45.727
430    0013    2.0551    40.024
430    0014    1.9219    46.052
430    0015    1.9614    47.107
430    0016    1.8990    45.285
430    0017    2.0756    35.696
430    0018    2.0449    33.125
430    0019    2.0554    39.142
430    0020    1.9481    37.656
430    0021    2.0645    41.454
430    0022    1.9444    43.854
430    0023    1.9297    40.453
430    0024    1.9942    43.396
430    0025    2.0393    37.439
430    0026    2.0223    41.521
430    0027    1.9219    42.559
430    0028    2.0766    37.489
430    0029    1.9533    37.383
430    0030    2.0652    32.884
430    0031    2.0187    42.652
430    0032    2.0128    34.576
430    0033    2.0143    32.748
430    0034    1.9424    32.860
430    0035    2.0621    45.465
430    0036    1.9917    32.778
430    0037    1.9353    34.357
430    0038    2.0214    41.059
430    0039    1.9600    33.151
430    0040    2.0621    37.594
430    0041    2.0113    42.495
430    0042    2.0130    41.673
430    0043    2.0388    35.288
430    0044    2.0615    44.882
430    0045    1.9010    39.405
430    0046    1.9231    39.123
430    0047    1.9275    45.117
430    0048    1.9090    32.574
430    0049    1.9219    37.336
466    0000    2.0135    41.044
466    0001    1.9125    46.589
466    0002    1.9221    33.594
466    0003    2.0612    42.122
466    0004    1.9781    36.158
466    0005    1.9488    41.403
466    0006    2.0262    35.168
466    0007    1.9321    45.531
466    0008    1.9947    35.672
466    0009    2.0315    38.319
466    0010    1.9787    34.679
466    0011    2.0718    41.647
466    0012    1.9645    33.923
466    0013    1.9702    44.276
466    0014    1.9976    36.327
466    0015    2.0068    44.477
466    0016    2.0645    46.474
466    0017    2.0639    35.930
466    0018    1.9573    39.163
466    0019    1.9651    43.057
466    0020    2.0704    38.596
466    0021    1.9395    42.261
466    0022    2.0466    43.211
466    0023    2.0483    37.026
466    0024    1.9717    39.042
466    0025    1.9907    37.858
466    0026    1.9555    43.604
466    0027    1.9615    34.177
466    0028    2.0047    35.441
466    0029    2.0631    37.686
466    0030    1.9915    36.819
466    0031    1.8990    45.650
466    0032    1.9154    36.278
466    0033    1.9053    44.366
466    0034    1.9453    43.703
466    0035    2.0299    32.965
466    0036    1.9724    43.954
466    0037    2.0625    38.033
466    0038    1.9310    45.735
466    0039    2.0323    43.916
466    0040    1.9098    45.210
466    0041    1.9705    34.160
466    0042    1.9862    32.555
466    0043    1.9249    47.019
466    0044    1.9842    40.178
466    0045    1.9869    34.602
466    0046    2.0162    32.996
466    0047    1.9127    32.869
466    0048    1.9427    38.070
466    0049    1.9160    36.044
502    0000    1.9000    33.540
502    0001    2.0453    36.573
502    0002    2.0134    34.019
502    0003    1.9367    33.973
502    0004    1.9567    41.498
502    0005    1.9783    44.298
502    0006    2.0342    43.321
502    0007    2.0232    40.286
502    0008    1.9436    37.291
502    0009    1.9879    37.306
502    0010    1.9529    36.240
502    0011    2.0180    40.414
502    0012    1.9075    45.735
502    0013    2.0282    41.233
502    0014    1.9683    46.652
502    0015    2.0179    46.164
502    0016    2.0477    40.074
502    0017    2.0348    36.292
502    0018    1.9262    37.219
502    0019    1.9171    33.663
502    0020    2.0087    33.558
502    0021    2.0152    47.182
502    0022    2.0027    38.903
502    0023    1.9308    41.759
502    0024    2.0059    39.581
502    0025    2.0434    44.605
502    0026    1.9830    36.614
502    0027    1.9862    37.069
502    0028    2.0140    32.942
502    0029    1.9112    37.386
502    0030    1.9236    42.579
502    0031    2.0431    33.914
502    0032    1.9388    42.289
502    0033    2.0427    38.119
502    0034    2.0344    47.308
502    0035    1.9807    43.996
502    0036    1.8976    40.040
502    0037    1.9860    34.128
502    0038    2.0381    35.686
502    0039    1.9003    34.323
502    0040    1.9245    40.399
502    0041    1.9463    36.648
502    0042    1.9717    46.998
502    0043    2.0595    32.750
502    0044    2.0459    40.380
502    0045    2.0236    44.292
502    0046    2.0655    36.986
502    0047    1.9645    35.659
502    0048    2.0138    38.537
502    0049    1.9811    38.360
